0.001102	-1.39626	-0.785398	0	-2.18166	0	1.39626
0.002102	-1.39567	-0.785392	-0	-2.18165	-0	1.39626
0.003102	-1.39391	-0.78538	-0	-2.18162	-0	1.39624
0.004102	-1.39104	-0.785369	-0	-2.18159	-0	1.39623
0.005102	-1.3871	-0.785358	-0	-2.18157	-0	1.39622
0.006102	-1.38213	-0.785347	-0	-2.18155	-0	1.39622
0.007102	-1.37618	-0.785337	-0	-2.18153	-1e-06	1.39622
0.008102	-1.36928	-0.785328	-1e-06	-2.18152	-1e-06	1.39624
0.009102	-1.36149	-0.785318	-1e-06	-2.18152	-2e-06	1.39627
0.010102	-1.35283	-0.785309	-2e-06	-2.18152	-2e-06	1.39632
0.011102	-1.34334	-0.785301	-2e-06	-2.18153	-3e-06	1.39639
0.012102	-1.33307	-0.785292	-3e-06	-2.18155	-5e-06	1.39648
0.013102	-1.32205	-0.785284	-4e-06	-2.18159	-6e-06	1.39661
0.014102	-1.3103	-0.785276	-6e-06	-2.18163	-8e-06	1.39676
0.015102	-1.29787	-0.785269	-9e-06	-2.18169	-1.1e-05	1.39694
0.016102	-1.28479	-0.785262	-1.1e-05	-2.18176	-1.4e-05	1.39717
0.017102	-1.27109	-0.785254	-1.5e-05	-2.18186	-1.9e-05	1.39743
0.018102	-1.25679	-0.785247	-2e-05	-2.18196	-2.4e-05	1.39774
0.019102	-1.24194	-0.785241	-2.6e-05	-2.18209	-3.1e-05	1.39809
0.020102	-1.22654	-0.785234	-3.3e-05	-2.18224	-3.8e-05	1.39849
0.021102	-1.21064	-0.785228	-4.2e-05	-2.1824	-4.8e-05	1.39894
0.022102	-1.19427	-0.785221	-5.2e-05	-2.18259	-5.9e-05	1.39945
0.023102	-1.17743	-0.785215	-6.5e-05	-2.1828	-7.3e-05	1.4
0.024102	-1.16017	-0.785209	-7.9e-05	-2.18303	-8.8e-05	1.40062
0.025102	-1.1425	-0.785203	-9.6e-05	-2.18329	-0.000107	1.40129
0.026102	-1.12444	-0.785198	-0.000116	-2.18356	-0.000127	1.40202
0.027102	-1.10603	-0.785192	-0.000138	-2.18387	-0.000151	1.40281
0.028102	-1.08728	-0.785187	-0.000164	-2.18419	-0.000179	1.40366
0.029102	-1.06821	-0.785182	-0.000193	-2.18454	-0.000209	1.40458
0.030102	-1.04884	-0.785177	-0.000225	-2.18492	-0.000244	1.40555
0.031102	-1.02919	-0.785172	-0.000262	-2.18531	-0.000282	1.40659
0.032102	-1.00928	-0.785168	-0.000302	-2.18574	-0.000325	1.40768
0.033102	-0.989135	-0.785164	-0.000346	-2.18619	-0.000372	1.40884
0.034102	-0.968762	-0.78516	-0.000395	-2.18666	-0.000424	1.41006
0.035102	-0.948183	-0.785156	-0.000449	-2.18715	-0.000481	1.41134
0.036102	-0.927414	-0.785153	-0.000507	-2.18767	-0.000542	1.41268
0.037102	-0.906469	-0.78515	-0.00057	-2.18821	-0.000609	1.41407
0.038102	-0.885365	-0.785148	-0.000639	-2.18878	-0.000682	1.41552
0.039102	-0.864117	-0.785146	-0.000712	-2.18936	-0.00076	1.41703
0.040102	-0.842737	-0.785144	-0.000791	-2.18997	-0.000843	1.4186
0.041102	-0.821241	-0.785143	-0.000876	-2.1906	-0.000933	1.42021
0.042102	-0.799641	-0.785143	-0.000966	-2.19125	-0.001028	1.42188
0.043102	-0.77795	-0.785143	-0.001061	-2.19192	-0.001129	1.42359
0.044102	-0.756179	-0.785143	-0.001162	-2.1926	-0.001236	1.42535
0.045102	-0.734342	-0.785144	-0.001269	-2.19331	-0.00135	1.42716
0.046102	-0.712449	-0.785146	-0.001382	-2.19403	-0.001469	1.42901
0.047102	-0.690511	-0.785148	-0.0015	-2.19477	-0.001594	1.43091
0.048102	-0.668538	-0.785151	-0.001624	-2.19553	-0.001726	1.43284
0.049102	-0.646542	-0.785154	-0.001753	-2.1963	-0.001863	1.43481
0.050102	-0.62453	-0.785158	-0.001889	-2.19708	-0.002006	1.43681
0.051102	-0.602514	-0.785163	-0.002029	-2.19787	-0.002156	1.43885
0.052102	-0.580501	-0.785168	-0.002175	-2.19868	-0.002311	1.44091
0.053102	-0.5585	-0.785175	-0.002326	-2.1995	-0.002471	1.44301
0.054102	-0.53652	-0.785181	-0.002483	-2.20033	-0.002638	1.44512
0.055102	-0.514568	-0.785189	-0.002644	-2.20117	-0.002809	1.44727
0.056102	-0.492653	-0.785196	-0.00281	-2.20201	-0.002986	1.44943
0.057102	-0.470781	-0.785205	-0.002981	-2.20287	-0.003168	1.45161
0.058102	-0.44896	-0.785214	-0.003156	-2.20373	-0.003355	1.4538
0.059102	-0.427195	-0.785224	-0.003336	-2.20459	-0.003546	1.45601
0.060102	-0.405495	-0.785235	-0.00352	-2.20546	-0.003742	1.45823
0.061102	-0.383864	-0.785246	-0.003708	-2.20633	-0.003943	1.46046
0.062102	-0.362308	-0.785257	-0.0039	-2.20721	-0.004147	1.4627
0.063102	-0.340834	-0.785269	-0.004095	-2.20808	-0.004355	1.46494
0.064102	-0.319446	-0.785282	-0.004293	-2.20896	-0.004566	1.46718
0.065102	-0.29815	-0.785295	-0.004494	-2.20984	-0.004781	1.46942
0.066102	-0.276951	-0.785308	-0.004698	-2.21071	-0.004999	1.47166
0.067102	-0.255852	-0.785322	-0.004905	-2.21159	-0.00522	1.4739
0.068102	-0.23486	-0.785337	-0.005114	-2.21246	-0.005443	1.47613
0.069102	-0.213977	-0.785351	-0.005325	-2.21333	-0.005668	1.47835
0.070102	-0.193208	-0.785366	-0.005538	-2.21419	-0.005896	1.48056
0.071102	-0.172557	-0.785381	-0.005752	-2.21505	-0.006125	1.48276
0.072102	-0.152027	-0.785397	-0.005968	-2.2159	-0.006355	1.48494
0.073102	-0.131622	-0.785412	-0.006184	-2.21675	-0.006587	1.48711
0.074102	-0.111344	-0.785428	-0.006401	-2.21759	-0.006819	1.48926
0.075102	-0.091198	-0.785443	-0.006619	-2.21842	-0.007052	1.49139
0.076102	-0.071185	-0.785459	-0.006837	-2.21924	-0.007285	1.49351
0.077102	-0.051309	-0.785475	-0.007055	-2.22006	-0.007518	1.4956
0.078102	-0.031572	-0.785491	-0.007273	-2.22086	-0.007751	1.49766
0.079102	-0.011977	-0.785506	-0.00749	-2.22166	-0.007983	1.4997
0.080102	0.007475	-0.785522	-0.007707	-2.22244	-0.008215	1.50172
0.081102	0.026781	-0.785537	-0.007922	-2.22321	-0.008445	1.50371
0.082102	0.045939	-0.785552	-0.008137	-2.22397	-0.008674	1.50567
0.083102	0.064947	-0.785566	-0.008349	-2.22472	-0.008902	1.5076
0.084102	0.083804	-0.785581	-0.008561	-2.22546	-0.009128	1.50949
0.085102	0.102508	-0.785595	-0.00877	-2.22618	-0.009351	1.51136
0.086102	0.121058	-0.785608	-0.008977	-2.22689	-0.009573	1.51319
0.087102	0.139452	-0.785621	-0.009182	-2.22758	-0.009792	1.51499
0.088102	0.157689	-0.785634	-0.009385	-2.22826	-0.010008	1.51676
0.089102	0.175768	-0.785646	-0.009585	-2.22893	-0.010221	1.51849
0.090102	0.193689	-0.785657	-0.009782	-2.22958	-0.010431	1.52018
0.091102	0.211449	-0.785668	-0.009976	-2.23022	-0.010638	1.52184
0.092102	0.229049	-0.785678	-0.010167	-2.23084	-0.010841	1.52345
0.093102	0.246487	-0.785688	-0.010355	-2.23144	-0.011041	1.52503
0.094102	0.263764	-0.785697	-0.010539	-2.23204	-0.011237	1.52658
0.095102	0.280878	-0.785705	-0.010719	-2.23261	-0.011428	1.52808
0.096102	0.297829	-0.785712	-0.010896	-2.23317	-0.011616	1.52954
0.097102	0.314617	-0.785718	-0.011069	-2.23371	-0.011799	1.53096
0.098102	0.331241	-0.785724	-0.011238	-2.23423	-0.011978	1.53235
0.099102	0.347702	-0.785728	-0.011402	-2.23474	-0.012152	1.53369
0.100102	0.363998	-0.785732	-0.011563	-2.23523	-0.012322	1.53499
0.101102	0.380131	-0.785735	-0.011719	-2.2357	-0.012487	1.53625
0.102102	0.396101	-0.785737	-0.011871	-2.23616	-0.012646	1.53747
0.103102	0.411906	-0.785738	-0.012018	-2.2366	-0.012801	1.53865
0.104102	0.427548	-0.785739	-0.012161	-2.23703	-0.012951	1.53978
0.105102	0.443026	-0.785738	-0.012299	-2.23743	-0.013096	1.54088
0.106102	0.458341	-0.785736	-0.012432	-2.23782	-0.013235	1.54193
0.107102	0.473493	-0.785733	-0.012561	-2.2382	-0.013369	1.54294
0.108102	0.488483	-0.78573	-0.012685	-2.23855	-0.013498	1.54391
0.109102	0.503311	-0.785725	-0.012803	-2.23889	-0.013621	1.54484
0.110102	0.517978	-0.785719	-0.012918	-2.23922	-0.013739	1.54573
0.111102	0.532483	-0.785713	-0.013027	-2.23952	-0.013851	1.54657
0.112102	0.546828	-0.785705	-0.013131	-2.23981	-0.013958	1.54738
0.113102	0.561013	-0.785697	-0.01323	-2.24008	-0.014059	1.54815
0.114102	0.575038	-0.785687	-0.013324	-2.24034	-0.014155	1.54887
0.115102	0.588906	-0.785677	-0.013413	-2.24058	-0.014245	1.54955
0.116102	0.602615	-0.785665	-0.013498	-2.24081	-0.01433	1.5502
0.117102	0.616167	-0.785653	-0.013577	-2.24101	-0.014409	1.5508
0.118102	0.629563	-0.785639	-0.013651	-2.24121	-0.014483	1.55137
0.119102	0.642804	-0.785625	-0.013721	-2.24138	-0.014551	1.5519
0.120102	0.65589	-0.78561	-0.013785	-2.24154	-0.014614	1.55238
0.121102	0.668822	-0.785594	-0.013845	-2.24169	-0.014671	1.55283
0.122102	0.681602	-0.785577	-0.013899	-2.24182	-0.014723	1.55325
0.123102	0.694229	-0.785559	-0.013949	-2.24194	-0.014769	1.55362
0.124102	0.706706	-0.78554	-0.013994	-2.24204	-0.01481	1.55396
0.125102	0.719032	-0.785521	-0.014034	-2.24213	-0.014846	1.55426
0.126102	0.73121	-0.785501	-0.01407	-2.2422	-0.014877	1.55452
0.127102	0.74324	-0.785479	-0.0141	-2.24226	-0.014902	1.55475
0.128102	0.755123	-0.785458	-0.014127	-2.2423	-0.014922	1.55495
0.129102	0.76686	-0.785435	-0.014148	-2.24233	-0.014937	1.55511
0.130102	0.778452	-0.785412	-0.014165	-2.24235	-0.014948	1.55523
0.131102	0.789901	-0.785388	-0.014178	-2.24235	-0.014953	1.55533
0.132102	0.801207	-0.785363	-0.014186	-2.24234	-0.014953	1.55538
0.133102	0.812372	-0.785338	-0.01419	-2.24232	-0.014949	1.55541
0.134102	0.823396	-0.785312	-0.014189	-2.24228	-0.01494	1.5554
0.135102	0.834281	-0.785286	-0.014184	-2.24223	-0.014926	1.55537
0.136102	0.845028	-0.785259	-0.014175	-2.24217	-0.014908	1.5553
0.137102	0.855639	-0.785231	-0.014163	-2.2421	-0.014885	1.5552
0.138102	0.866113	-0.785203	-0.014146	-2.24202	-0.014858	1.55507
0.139102	0.876454	-0.785175	-0.014125	-2.24192	-0.014827	1.55491
0.140102	0.886661	-0.785146	-0.0141	-2.24182	-0.014791	1.55472
0.141102	0.896735	-0.785117	-0.014072	-2.2417	-0.014752	1.55451
0.142102	0.906679	-0.785087	-0.014039	-2.24157	-0.014708	1.55427
0.143102	0.916493	-0.785057	-0.014004	-2.24144	-0.014661	1.554
0.144102	0.926179	-0.785027	-0.013964	-2.24129	-0.014609	1.5537
0.145102	0.935737	-0.784996	-0.013922	-2.24113	-0.014554	1.55338
0.146102	0.94517	-0.784965	-0.013876	-2.24096	-0.014496	1.55303
0.147102	0.954477	-0.784934	-0.013826	-2.24078	-0.014433	1.55266
0.148102	0.963661	-0.784903	-0.013774	-2.2406	-0.014368	1.55226
0.149102	0.972723	-0.784871	-0.013718	-2.2404	-0.014299	1.55184
0.150102	0.981663	-0.78484	-0.013659	-2.2402	-0.014227	1.55139
0.151102	0.990484	-0.784808	-0.013598	-2.23998	-0.014151	1.55093
0.152102	0.999185	-0.784776	-0.013533	-2.23976	-0.014073	1.55044
0.153102	1.00777	-0.784744	-0.013466	-2.23953	-0.013992	1.54993
0.154102	1.01624	-0.784712	-0.013396	-2.23929	-0.013907	1.5494
0.155102	1.02459	-0.78468	-0.013323	-2.23905	-0.013821	1.54885
0.156102	1.03283	-0.784648	-0.013248	-2.2388	-0.013731	1.54828
0.157102	1.04096	-0.784616	-0.013171	-2.23854	-0.013639	1.54769
0.158102	1.04897	-0.784584	-0.013091	-2.23827	-0.013545	1.54708
0.159102	1.05688	-0.784552	-0.013009	-2.238	-0.013448	1.54645
0.160102	1.06467	-0.784521	-0.012924	-2.23772	-0.013349	1.54581
0.161102	1.07236	-0.784489	-0.012838	-2.23744	-0.013247	1.54514
0.162102	1.07994	-0.784458	-0.01275	-2.23714	-0.013144	1.54446
0.163102	1.08742	-0.784427	-0.012659	-2.23685	-0.013039	1.54377
0.164102	1.09479	-0.784395	-0.012567	-2.23654	-0.012932	1.54306
0.165102	1.10206	-0.784365	-0.012473	-2.23624	-0.012823	1.54233
0.166102	1.10923	-0.784334	-0.012377	-2.23592	-0.012712	1.54159
0.167102	1.11629	-0.784304	-0.01228	-2.23561	-0.0126	1.54084
0.168102	1.12326	-0.784274	-0.012181	-2.23528	-0.012486	1.54007
0.169102	1.13013	-0.784244	-0.012081	-2.23495	-0.012371	1.53929
0.170102	1.1369	-0.784214	-0.011979	-2.23462	-0.012254	1.5385
0.171102	1.14358	-0.784185	-0.011876	-2.23429	-0.012136	1.53769
0.172102	1.15016	-0.784157	-0.011772	-2.23395	-0.012017	1.53688
0.173102	1.15664	-0.784128	-0.011666	-2.2336	-0.011897	1.53605
0.174102	1.16304	-0.7841	-0.01156	-2.23326	-0.011776	1.53521
0.175102	1.16934	-0.784072	-0.011452	-2.23291	-0.011654	1.53436
0.176102	1.17555	-0.784045	-0.011343	-2.23255	-0.011531	1.5335
0.177102	1.18168	-0.784018	-0.011234	-2.23219	-0.011407	1.53263
0.178102	1.18771	-0.783992	-0.011124	-2.23183	-0.011282	1.53176
0.179102	1.19366	-0.783966	-0.011013	-2.23147	-0.011157	1.53087
0.180102	1.19952	-0.783941	-0.010901	-2.23111	-0.011031	1.52998
0.181102	1.2053	-0.783916	-0.010789	-2.23074	-0.010905	1.52907
0.182102	1.21099	-0.783891	-0.010676	-2.23037	-0.010779	1.52816
0.183102	1.2166	-0.783867	-0.010562	-2.23	-0.010651	1.52725
0.184102	1.22213	-0.783844	-0.010448	-2.22962	-0.010524	1.52632
0.185102	1.22758	-0.78382	-0.010334	-2.22925	-0.010396	1.5254
0.186102	1.23295	-0.783798	-0.010219	-2.22887	-0.010269	1.52446
0.187102	1.23824	-0.783776	-0.010104	-2.22849	-0.010141	1.52352
0.188102	1.24345	-0.783754	-0.009989	-2.22811	-0.010013	1.52258
0.189102	1.24859	-0.783734	-0.009873	-2.22773	-0.009884	1.52163
0.190102	1.25365	-0.783713	-0.009758	-2.22735	-0.009756	1.52067
0.191102	1.25863	-0.783693	-0.009642	-2.22696	-0.009629	1.51971
0.192102	1.26354	-0.783674	-0.009526	-2.22658	-0.009501	1.51875
0.193102	1.26838	-0.783655	-0.009411	-2.2262	-0.009373	1.51778
0.194102	1.27315	-0.783637	-0.009295	-2.22581	-0.009246	1.51682
0.195102	1.27784	-0.783619	-0.00918	-2.22542	-0.009119	1.51585
0.196102	1.28247	-0.783602	-0.009064	-2.22504	-0.008992	1.51487
0.197102	1.28703	-0.783586	-0.008949	-2.22465	-0.008866	1.5139
0.198102	1.29151	-0.78357	-0.008834	-2.22426	-0.00874	1.51292
0.199102	1.29594	-0.783554	-0.00872	-2.22388	-0.008615	1.51194
0.200102	1.30029	-0.783539	-0.008605	-2.22349	-0.00849	1.51096
0.201102	1.30458	-0.783525	-0.008491	-2.22311	-0.008365	1.50998
0.202102	1.30881	-0.783511	-0.008377	-2.22272	-0.008241	1.509
0.203102	1.31297	-0.783498	-0.008264	-2.22233	-0.008118	1.50801
0.204102	1.31707	-0.783486	-0.008151	-2.22195	-0.007996	1.50703
0.205102	1.32111	-0.783474	-0.008039	-2.22157	-0.007874	1.50605
0.206102	1.32508	-0.783462	-0.007927	-2.22118	-0.007753	1.50506
0.207102	1.329	-0.783451	-0.007816	-2.2208	-0.007633	1.50408
0.208102	1.33286	-0.783441	-0.007705	-2.22042	-0.007513	1.5031
0.209102	1.33665	-0.783431	-0.007595	-2.22004	-0.007394	1.50212
0.210102	1.3404	-0.783422	-0.007486	-2.21965	-0.007276	1.50114
0.211102	1.34408	-0.783413	-0.007377	-2.21928	-0.007159	1.50016
0.212102	1.34771	-0.783405	-0.007269	-2.2189	-0.007043	1.49919
0.213102	1.35128	-0.783397	-0.007161	-2.21852	-0.006928	1.49821
0.214102	1.3548	-0.78339	-0.007055	-2.21815	-0.006814	1.49724
0.215102	1.35826	-0.783383	-0.006949	-2.21777	-0.0067	1.49627
0.216102	1.36167	-0.783377	-0.006843	-2.2174	-0.006588	1.49531
0.217102	1.36503	-0.783372	-0.006739	-2.21703	-0.006476	1.49434
0.218102	1.36834	-0.783367	-0.006635	-2.21666	-0.006366	1.49338
0.219102	1.37159	-0.783362	-0.006532	-2.21629	-0.006257	1.49242
0.220102	1.3748	-0.783358	-0.00643	-2.21592	-0.006148	1.49146
0.221102	1.37796	-0.783354	-0.006329	-2.21556	-0.006041	1.49051
0.222102	1.38106	-0.783351	-0.006229	-2.2152	-0.005935	1.48956
0.223102	1.38412	-0.783349	-0.00613	-2.21484	-0.00583	1.48862
0.224102	1.38714	-0.783347	-0.006031	-2.21448	-0.005726	1.48767
0.225102	1.3901	-0.783345	-0.005934	-2.21412	-0.005623	1.48674
0.226102	1.39302	-0.783344	-0.005837	-2.21376	-0.005521	1.4858
0.227102	1.3959	-0.783343	-0.005741	-2.21341	-0.00542	1.48487
0.228102	1.39873	-0.783343	-0.005646	-2.21306	-0.005321	1.48395
0.229102	1.40152	-0.783343	-0.005552	-2.21271	-0.005222	1.48303
0.230102	1.40426	-0.783343	-0.00546	-2.21236	-0.005125	1.48211
0.231102	1.40696	-0.783344	-0.005368	-2.21202	-0.005029	1.4812
0.232102	1.40962	-0.783346	-0.005277	-2.21168	-0.004934	1.48029
0.233102	1.41223	-0.783347	-0.005187	-2.21134	-0.00484	1.47939
0.234102	1.41481	-0.78335	-0.005098	-2.211	-0.004747	1.47849
0.235102	1.41734	-0.783352	-0.00501	-2.21066	-0.004655	1.47759
0.236102	1.41984	-0.783355	-0.004923	-2.21033	-0.004565	1.47671
0.237102	1.4223	-0.783359	-0.004836	-2.21	-0.004476	1.47582
0.238102	1.42471	-0.783362	-0.004751	-2.20967	-0.004388	1.47495
0.239102	1.4271	-0.783366	-0.004667	-2.20934	-0.004301	1.47408
0.240102	1.42944	-0.783371	-0.004584	-2.20902	-0.004215	1.47321
0.241102	1.43174	-0.783376	-0.004502	-2.20869	-0.004131	1.47235
0.242102	1.43401	-0.783381	-0.004421	-2.20837	-0.004047	1.47149
0.243102	1.43625	-0.783386	-0.004341	-2.20806	-0.003965	1.47064
0.244102	1.43845	-0.783392	-0.004262	-2.20774	-0.003884	1.4698
0.245102	1.44061	-0.783398	-0.004184	-2.20743	-0.003804	1.46896
0.246102	1.44274	-0.783405	-0.004107	-2.20712	-0.003725	1.46813
0.247102	1.44484	-0.783411	-0.004031	-2.20681	-0.003648	1.4673
0.248102	1.4469	-0.783418	-0.003956	-2.20651	-0.003571	1.46648
0.249102	1.44893	-0.783425	-0.003882	-2.20621	-0.003496	1.46567
0.250102	1.45093	-0.783433	-0.003809	-2.20591	-0.003421	1.46486
0.251102	1.45289	-0.783441	-0.003737	-2.20561	-0.003348	1.46406
0.252102	1.45483	-0.783449	-0.003666	-2.20532	-0.003276	1.46326
0.253102	1.45673	-0.783457	-0.003596	-2.20503	-0.003206	1.46247
0.254102	1.45861	-0.783466	-0.003527	-2.20474	-0.003136	1.46169
0.255102	1.46045	-0.783475	-0.003459	-2.20445	-0.003067	1.46091
0.256102	1.46227	-0.783484	-0.003392	-2.20417	-0.003	1.46014
0.257102	1.46405	-0.783493	-0.003326	-2.20388	-0.002933	1.45937
0.258102	1.46581	-0.783502	-0.003261	-2.20361	-0.002868	1.45861
0.259102	1.46754	-0.783512	-0.003197	-2.20333	-0.002804	1.45786
0.260102	1.46924	-0.783522	-0.003134	-2.20305	-0.00274	1.45711
0.261102	1.47092	-0.783532	-0.003071	-2.20278	-0.002678	1.45637
0.262102	1.47256	-0.783542	-0.00301	-2.20252	-0.002617	1.45564
0.263102	1.47419	-0.783553	-0.00295	-2.20225	-0.002557	1.45491
0.264102	1.47578	-0.783563	-0.00289	-2.20199	-0.002498	1.45419
0.265102	1.47735	-0.783574	-0.002832	-2.20172	-0.00244	1.45348
0.266102	1.4789	-0.783585	-0.002774	-2.20147	-0.002383	1.45277
0.267102	1.48042	-0.783596	-0.002717	-2.20121	-0.002327	1.45207
0.268102	1.48191	-0.783608	-0.002662	-2.20096	-0.002272	1.45137
0.269102	1.48338	-0.783619	-0.002607	-2.20071	-0.002218	1.45068
0.270102	1.48483	-0.78363	-0.002553	-2.20046	-0.002164	1.45
0.271102	1.48625	-0.783642	-0.0025	-2.20021	-0.002112	1.44932
0.272102	1.48766	-0.783654	-0.002447	-2.19997	-0.002061	1.44866
0.273102	1.48904	-0.783666	-0.002396	-2.19973	-0.002011	1.44799
0.274102	1.49039	-0.783678	-0.002345	-2.19949	-0.001961	1.44734
0.275102	1.49173	-0.78369	-0.002296	-2.19925	-0.001913	1.44668
0.276102	1.49304	-0.783702	-0.002247	-2.19902	-0.001865	1.44604
0.277102	1.49433	-0.783714	-0.002199	-2.19879	-0.001819	1.4454
0.278102	1.4956	-0.783727	-0.002152	-2.19856	-0.001773	1.44477
0.279102	1.49685	-0.783739	-0.002105	-2.19834	-0.001728	1.44414
0.280102	1.49808	-0.783752	-0.002059	-2.19811	-0.001684	1.44352
0.281102	1.49929	-0.783764	-0.002015	-2.19789	-0.001641	1.44291
0.282102	1.50048	-0.783777	-0.001971	-2.19767	-0.001599	1.4423
0.283102	1.50165	-0.78379	-0.001927	-2.19746	-0.001557	1.44171
0.284102	1.50281	-0.783803	-0.001885	-2.19724	-0.001517	1.44111
0.285102	1.50394	-0.783815	-0.001843	-2.19703	-0.001477	1.44052
0.286102	1.50506	-0.783828	-0.001802	-2.19682	-0.001438	1.43994
0.287102	1.50615	-0.783841	-0.001762	-2.19662	-0.001399	1.43936
0.288102	1.50723	-0.783854	-0.001722	-2.19641	-0.001362	1.43879
0.289102	1.50829	-0.783867	-0.001684	-2.19621	-0.001325	1.43823
0.290102	1.50934	-0.78388	-0.001645	-2.19601	-0.001289	1.43767
0.291102	1.51036	-0.783893	-0.001608	-2.19581	-0.001254	1.43712
0.292102	1.51137	-0.783906	-0.001571	-2.19562	-0.001219	1.43657
0.293102	1.51237	-0.783919	-0.001535	-2.19543	-0.001185	1.43604
0.294102	1.51335	-0.783932	-0.0015	-2.19524	-0.001152	1.4355
0.295102	1.51431	-0.783946	-0.001465	-2.19505	-0.00112	1.43497
0.296102	1.51525	-0.783959	-0.001431	-2.19486	-0.001088	1.43445
0.297102	1.51618	-0.783972	-0.001398	-2.19468	-0.001057	1.43393
0.298102	1.5171	-0.783985	-0.001365	-2.1945	-0.001027	1.43342
0.299102	1.518	-0.783998	-0.001333	-2.19432	-0.000997	1.43292
0.300102	1.51889	-0.784011	-0.001302	-2.19414	-0.000968	1.43242
0.301102	1.51976	-0.784024	-0.001271	-2.19396	-0.00094	1.43193
0.302102	1.52061	-0.784037	-0.001241	-2.19379	-0.000912	1.43144
0.303102	1.52146	-0.78405	-0.001211	-2.19362	-0.000885	1.43096
0.304102	1.52229	-0.784063	-0.001182	-2.19345	-0.000858	1.43048
0.305102	1.5231	-0.784076	-0.001153	-2.19328	-0.000832	1.43001
0.306102	1.5239	-0.784089	-0.001125	-2.19312	-0.000807	1.42954
0.307102	1.52469	-0.784102	-0.001098	-2.19296	-0.000782	1.42908
0.308102	1.52547	-0.784115	-0.001071	-2.19279	-0.000758	1.42863
0.309102	1.52623	-0.784128	-0.001045	-2.19264	-0.000734	1.42818
0.310102	1.52698	-0.784141	-0.001019	-2.19248	-0.000711	1.42773
0.311102	1.52772	-0.784154	-0.000994	-2.19232	-0.000688	1.4273
0.312102	1.52844	-0.784166	-0.000969	-2.19217	-0.000666	1.42686
0.313102	1.52916	-0.784179	-0.000945	-2.19202	-0.000644	1.42643
0.314102	1.52986	-0.784192	-0.000921	-2.19187	-0.000623	1.42601
0.315102	1.53055	-0.784204	-0.000898	-2.19172	-0.000603	1.42559
0.316102	1.53123	-0.784217	-0.000875	-2.19158	-0.000583	1.42518
0.317102	1.5319	-0.784229	-0.000853	-2.19144	-0.000563	1.42477
0.318102	1.53255	-0.784242	-0.000831	-2.19129	-0.000544	1.42437
0.319102	1.5332	-0.784254	-0.00081	-2.19115	-0.000525	1.42397
0.320102	1.53383	-0.784266	-0.000789	-2.19102	-0.000507	1.42358
0.321102	1.53446	-0.784279	-0.000769	-2.19088	-0.000489	1.42319
0.322102	1.53507	-0.784291	-0.000749	-2.19075	-0.000472	1.42281
0.323102	1.53568	-0.784303	-0.000729	-2.19061	-0.000455	1.42243
0.324102	1.53627	-0.784315	-0.00071	-2.19048	-0.000438	1.42205
0.325102	1.53686	-0.784327	-0.000691	-2.19035	-0.000422	1.42168
0.326102	1.53743	-0.784339	-0.000673	-2.19022	-0.000406	1.42132
0.327102	1.538	-0.784351	-0.000655	-2.1901	-0.000391	1.42096
0.328102	1.53855	-0.784363	-0.000637	-2.18998	-0.000376	1.4206
0.329102	1.5391	-0.784374	-0.00062	-2.18985	-0.000362	1.42025
0.330102	1.53964	-0.784386	-0.000604	-2.18973	-0.000348	1.4199
0.331102	1.54016	-0.784397	-0.000587	-2.18961	-0.000334	1.41956
0.332102	1.54068	-0.784409	-0.000571	-2.18949	-0.00032	1.41922
0.333102	1.54119	-0.78442	-0.000555	-2.18938	-0.000307	1.41889
0.334102	1.5417	-0.784432	-0.00054	-2.18926	-0.000295	1.41856
0.335102	1.54219	-0.784443	-0.000525	-2.18915	-0.000282	1.41824
0.336102	1.54268	-0.784454	-0.000511	-2.18904	-0.00027	1.41792
0.337102	1.54315	-0.784465	-0.000496	-2.18893	-0.000258	1.4176
0.338102	1.54362	-0.784476	-0.000482	-2.18882	-0.000247	1.41729
0.339102	1.54408	-0.784487	-0.000469	-2.18871	-0.000236	1.41698
0.340102	1.54454	-0.784498	-0.000455	-2.18861	-0.000225	1.41668
0.341102	1.54499	-0.784509	-0.000442	-2.1885	-0.000215	1.41638
0.342102	1.54543	-0.784519	-0.00043	-2.1884	-0.000204	1.41608
0.343102	1.54586	-0.78453	-0.000417	-2.1883	-0.000194	1.41579
0.344102	1.54628	-0.78454	-0.000405	-2.1882	-0.000185	1.4155
0.345102	1.5467	-0.784551	-0.000393	-2.1881	-0.000175	1.41521
0.346102	1.54711	-0.784561	-0.000382	-2.188	-0.000166	1.41493
0.347102	1.54751	-0.784571	-0.00037	-2.18791	-0.000157	1.41466
0.348102	1.54791	-0.784582	-0.000359	-2.18781	-0.000149	1.41438
0.349102	1.5483	-0.784592	-0.000348	-2.18772	-0.00014	1.41411
0.350102	1.54868	-0.784602	-0.000338	-2.18763	-0.000132	1.41385
0.351102	1.54906	-0.784612	-0.000328	-2.18754	-0.000124	1.41359
0.352102	1.54943	-0.784621	-0.000318	-2.18745	-0.000117	1.41333
0.353102	1.5498	-0.784631	-0.000308	-2.18736	-0.000109	1.41307
0.354102	1.55015	-0.784641	-0.000298	-2.18727	-0.000102	1.41282
0.355102	1.55051	-0.78465	-0.000289	-2.18719	-9.5e-05	1.41257
0.356102	1.55085	-0.78466	-0.00028	-2.1871	-8.8e-05	1.41233
0.357102	1.5512	-0.784669	-0.000271	-2.18702	-8.2e-05	1.41209
0.358102	1.55153	-0.784678	-0.000263	-2.18694	-7.5e-05	1.41185
0.359102	1.55186	-0.784688	-0.000254	-2.18686	-6.9e-05	1.41161
0.360102	1.55218	-0.784697	-0.000246	-2.18678	-6.3e-05	1.41138
0.361102	1.5525	-0.784706	-0.000238	-2.1867	-5.7e-05	1.41115
0.362102	1.55282	-0.784715	-0.00023	-2.18662	-5.2e-05	1.41093
0.363102	1.55312	-0.784723	-0.000223	-2.18654	-4.6e-05	1.41071
0.364102	1.55343	-0.784732	-0.000215	-2.18647	-4.1e-05	1.41049
0.365102	1.55372	-0.784741	-0.000208	-2.18639	-3.6e-05	1.41027
0.366102	1.55401	-0.784749	-0.000201	-2.18632	-3.1e-05	1.41006
0.367102	1.5543	-0.784758	-0.000194	-2.18625	-2.7e-05	1.40985
0.368102	1.55459	-0.784766	-0.000187	-2.18618	-2.2e-05	1.40964
0.369102	1.55486	-0.784775	-0.000181	-2.18611	-1.8e-05	1.40943
0.370102	1.55514	-0.784783	-0.000175	-2.18604	-1.3e-05	1.40923
0.371102	1.5554	-0.784791	-0.000168	-2.18597	-9e-06	1.40904
0.372102	1.55567	-0.784799	-0.000162	-2.1859	-5e-06	1.40884
0.373102	1.55593	-0.784807	-0.000157	-2.18584	-1e-06	1.40865
0.374102	1.55618	-0.784815	-0.000151	-2.18577	2e-06	1.40846
0.375102	1.55644	-0.784823	-0.000145	-2.18571	6e-06	1.40827
0.376102	1.55668	-0.78483	-0.00014	-2.18565	9e-06	1.40809
0.377102	1.55668	-0.78483	-0.00014	-2.18565	9e-06	1.40809
0.378102	1.55716	-0.784846	-0.00013	-2.18552	1.6e-05	1.40772
0.379102	1.5574	-0.784853	-0.000125	-2.18546	1.9e-05	1.40755
0.380102	1.55763	-0.784861	-0.00012	-2.1854	2.2e-05	1.40737
0.381102	1.55785	-0.784868	-0.000115	-2.18534	2.5e-05	1.4072
0.382102	1.55808	-0.784875	-0.000111	-2.18528	2.8e-05	1.40703
0.383102	1.55829	-0.784882	-0.000106	-2.18523	3e-05	1.40687
0.384102	1.55851	-0.784889	-0.000102	-2.18517	3.3e-05	1.4067
0.385102	1.55872	-0.784896	-9.8e-05	-2.18512	3.5e-05	1.40654
0.386102	1.55893	-0.784903	-9.4e-05	-2.18506	3.7e-05	1.40638
0.387102	1.55913	-0.78491	-9e-05	-2.18501	4e-05	1.40622
0.388102	1.55933	-0.784917	-8.6e-05	-2.18496	4.2e-05	1.40607
0.389102	1.55953	-0.784923	-8.2e-05	-2.1849	4.4e-05	1.40591
0.390102	1.55973	-0.78493	-7.8e-05	-2.18485	4.6e-05	1.40576
0.391102	1.55992	-0.784937	-7.5e-05	-2.1848	4.8e-05	1.40561
0.392102	1.5601	-0.784943	-7.1e-05	-2.18475	4.9e-05	1.40547
0.393102	1.56029	-0.784949	-6.8e-05	-2.1847	5.1e-05	1.40532
0.394102	1.56047	-0.784956	-6.5e-05	-2.18465	5.3e-05	1.40518
0.395102	1.56065	-0.784962	-6.2e-05	-2.18461	5.4e-05	1.40504
0.396102	1.56082	-0.784968	-5.9e-05	-2.18456	5.6e-05	1.4049
0.397102	1.56099	-0.784974	-5.6e-05	-2.18451	5.7e-05	1.40477
0.398102	1.56116	-0.78498	-5.3e-05	-2.18447	5.8e-05	1.40464
0.399102	1.56133	-0.784986	-5e-05	-2.18442	6e-05	1.4045
0.400102	1.56149	-0.784992	-4.7e-05	-2.18438	6.1e-05	1.40437
0.401102	1.56165	-0.784998	-4.5e-05	-2.18434	6.2e-05	1.40424
0.402102	1.56181	-0.785003	-4.2e-05	-2.18429	6.3e-05	1.40412
0.403102	1.56197	-0.785009	-4e-05	-2.18425	6.4e-05	1.404
0.404102	1.56212	-0.785014	-3.7e-05	-2.18421	6.5e-05	1.40387
0.405102	1.56227	-0.78502	-3.5e-05	-2.18417	6.6e-05	1.40375
0.406102	1.56242	-0.785025	-3.3e-05	-2.18413	6.7e-05	1.40363
0.407102	1.56256	-0.785031	-3.1e-05	-2.18409	6.7e-05	1.40352
0.408102	1.56271	-0.785036	-2.9e-05	-2.18405	6.8e-05	1.4034
0.409102	1.56285	-0.785041	-2.7e-05	-2.18401	6.9e-05	1.40329
0.410102	1.56298	-0.785046	-2.5e-05	-2.18398	6.9e-05	1.40318
0.411102	1.56312	-0.785051	-2.3e-05	-2.18394	7e-05	1.40307
0.412102	1.56325	-0.785056	-2.1e-05	-2.1839	7.1e-05	1.40296
0.413102	1.56338	-0.785061	-1.9e-05	-2.18386	7.1e-05	1.40285
0.414102	1.56351	-0.785066	-1.7e-05	-2.18383	7.1e-05	1.40275
0.415102	1.56364	-0.785071	-1.6e-05	-2.18379	7.2e-05	1.40264
0.416102	1.56364	-0.785071	-1.6e-05	-2.18379	7.2e-05	1.40264
0.417102	1.56388	-0.785081	-1.3e-05	-2.18373	7.3e-05	1.40244
0.418102	1.564	-0.785085	-1.1e-05	-2.18369	7.3e-05	1.40234
0.419102	1.56412	-0.78509	-1e-05	-2.18366	7.3e-05	1.40225
0.420102	1.56424	-0.785094	-8e-06	-2.18363	7.3e-05	1.40215
0.421102	1.56435	-0.785099	-7e-06	-2.1836	7.3e-05	1.40206
0.422102	1.56446	-0.785103	-6e-06	-2.18356	7.4e-05	1.40196
0.423102	1.56457	-0.785108	-4e-06	-2.18353	7.4e-05	1.40187
0.424102	1.56468	-0.785112	-3e-06	-2.1835	7.4e-05	1.40178
0.425102	1.56479	-0.785116	-2e-06	-2.18347	7.4e-05	1.40169
0.426102	1.56489	-0.78512	-1e-06	-2.18344	7.4e-05	1.4016
0.427102	1.56499	-0.785125	0	-2.18342	7.4e-05	1.40152
0.428102	1.56509	-0.785129	1e-06	-2.18339	7.4e-05	1.40143
0.429102	1.56519	-0.785133	2e-06	-2.18336	7.4e-05	1.40135
0.430102	1.56529	-0.785137	3e-06	-2.18333	7.4e-05	1.40127
0.431102	1.56538	-0.78514	4e-06	-2.1833	7.4e-05	1.40119
0.432102	1.56548	-0.785144	5e-06	-2.18328	7.3e-05	1.40111
0.433102	1.56557	-0.785148	6e-06	-2.18325	7.3e-05	1.40103
0.434102	1.56566	-0.785152	7e-06	-2.18322	7.3e-05	1.40095
0.435102	1.56575	-0.785156	8e-06	-2.1832	7.3e-05	1.40088
0.436102	1.56584	-0.785159	8e-06	-2.18317	7.3e-05	1.4008
0.437102	1.56593	-0.785163	9e-06	-2.18315	7.2e-05	1.40073
0.438102	1.56601	-0.785166	1e-05	-2.18312	7.2e-05	1.40066
0.439102	1.56609	-0.78517	1e-05	-2.1831	7.2e-05	1.40059
0.440102	1.56618	-0.785173	1.1e-05	-2.18308	7.2e-05	1.40051
0.441102	1.56625	-0.785177	1.2e-05	-2.18305	7.1e-05	1.40045
0.442102	1.56633	-0.78518	1.2e-05	-2.18303	7.1e-05	1.40038
0.443102	1.56641	-0.785183	1.3e-05	-2.18301	7.1e-05	1.40031
0.444102	1.56649	-0.785187	1.3e-05	-2.18299	7e-05	1.40024
0.445102	1.56656	-0.78519	1.4e-05	-2.18296	7e-05	1.40018
0.446102	1.56664	-0.785193	1.4e-05	-2.18294	7e-05	1.40012
0.447102	1.56671	-0.785196	1.5e-05	-2.18292	6.9e-05	1.40005
0.448102	1.56678	-0.785199	1.5e-05	-2.1829	6.9e-05	1.39999
0.449102	1.56685	-0.785202	1.6e-05	-2.18288	6.9e-05	1.39993
0.450102	1.56692	-0.785205	1.6e-05	-2.18286	6.8e-05	1.39987
0.451102	1.56699	-0.785208	1.6e-05	-2.18284	6.8e-05	1.39981
0.452102	1.56705	-0.785211	1.7e-05	-2.18282	6.7e-05	1.39975
0.453102	1.56712	-0.785214	1.7e-05	-2.1828	6.7e-05	1.3997
0.454102	1.56718	-0.785217	1.7e-05	-2.18278	6.6e-05	1.39964
0.455102	1.56725	-0.78522	1.8e-05	-2.18276	6.6e-05	1.39959
0.456102	1.56731	-0.785222	1.8e-05	-2.18275	6.5e-05	1.39953
0.457102	1.56737	-0.785225	1.8e-05	-2.18273	6.5e-05	1.39948
0.458102	1.56743	-0.785228	1.8e-05	-2.18271	6.5e-05	1.39942
0.459102	1.56749	-0.78523	1.9e-05	-2.18269	6.4e-05	1.39937
0.460102	1.56754	-0.785233	1.9e-05	-2.18268	6.4e-05	1.39932
0.461102	1.5676	-0.785236	1.9e-05	-2.18266	6.3e-05	1.39927
0.462102	1.56766	-0.785238	1.9e-05	-2.18264	6.3e-05	1.39922
0.463102	1.56771	-0.785241	1.9e-05	-2.18263	6.2e-05	1.39917
0.464102	1.56777	-0.785243	2e-05	-2.18261	6.2e-05	1.39912
0.465102	1.56782	-0.785245	2e-05	-2.1826	6.1e-05	1.39908
0.466102	1.56787	-0.785248	2e-05	-2.18258	6.1e-05	1.39903
0.467102	1.56792	-0.78525	2e-05	-2.18256	6e-05	1.39899
0.468102	1.56797	-0.785253	2e-05	-2.18255	6e-05	1.39894
0.469102	1.56802	-0.785255	2e-05	-2.18254	5.9e-05	1.3989
0.470102	1.56807	-0.785257	2e-05	-2.18252	5.8e-05	1.39885
0.471102	1.56812	-0.785259	2e-05	-2.18251	5.8e-05	1.39881
0.472102	1.56817	-0.785261	2e-05	-2.18249	5.7e-05	1.39877
0.473102	1.56821	-0.785264	2e-05	-2.18248	5.7e-05	1.39873
0.474102	1.56826	-0.785266	2.1e-05	-2.18246	5.6e-05	1.39869
0.475102	1.5683	-0.785268	2.1e-05	-2.18245	5.6e-05	1.39865
0.476102	1.56835	-0.78527	2.1e-05	-2.18244	5.5e-05	1.39861
0.477102	1.56835	-0.78527	2.1e-05	-2.18244	5.5e-05	1.39861
0.478102	1.56843	-0.785274	2.1e-05	-2.18241	5.4e-05	1.39853
0.479102	1.56847	-0.785276	2.1e-05	-2.1824	5.4e-05	1.39849
0.480102	1.56851	-0.785278	2.1e-05	-2.18239	5.3e-05	1.39845
0.481102	1.56855	-0.78528	2.1e-05	-2.18237	5.3e-05	1.39842
0.482102	1.56859	-0.785282	2.1e-05	-2.18236	5.2e-05	1.39838
0.483102	1.56863	-0.785283	2e-05	-2.18235	5.2e-05	1.39835
0.484102	1.56867	-0.785285	2e-05	-2.18234	5.1e-05	1.39831
0.485102	1.56871	-0.785287	2e-05	-2.18233	5.1e-05	1.39828
0.486102	1.56874	-0.785289	2e-05	-2.18232	5e-05	1.39824
0.487102	1.56878	-0.78529	2e-05	-2.18231	5e-05	1.39821
0.488102	1.56881	-0.785292	2e-05	-2.18229	4.9e-05	1.39818
0.489102	1.56885	-0.785294	2e-05	-2.18228	4.8e-05	1.39815
0.490102	1.56888	-0.785296	2e-05	-2.18227	4.8e-05	1.39812
0.491102	1.56892	-0.785297	2e-05	-2.18226	4.7e-05	1.39809
0.492102	1.56895	-0.785299	2e-05	-2.18225	4.7e-05	1.39805
0.493102	1.56898	-0.7853	2e-05	-2.18224	4.6e-05	1.39803
0.494102	1.56901	-0.785302	2e-05	-2.18223	4.6e-05	1.398
0.495102	1.56905	-0.785303	2e-05	-2.18222	4.5e-05	1.39797
0.496102	1.56907	-0.785305	2e-05	-2.18221	4.5e-05	1.39794
0.497102	1.56911	-0.785306	1.9e-05	-2.18221	4.4e-05	1.39791
0.498102	1.56913	-0.785308	1.9e-05	-2.1822	4.4e-05	1.39788
0.499102	1.56916	-0.785309	1.9e-05	-2.18219	4.3e-05	1.39786
0.500102	1.56919	-0.785311	1.9e-05	-2.18218	4.3e-05	1.39783
0.501102	1.56922	-0.785312	1.9e-05	-2.18217	4.2e-05	1.3978
0.502102	1.56925	-0.785314	1.9e-05	-2.18216	4.2e-05	1.39778
0.503102	1.56928	-0.785315	1.9e-05	-2.18215	4.1e-05	1.39775
0.504102	1.5693	-0.785316	1.9e-05	-2.18214	4.1e-05	1.39773
0.505102	1.56933	-0.785318	1.9e-05	-2.18214	4e-05	1.3977
0.506102	1.56936	-0.785319	1.8e-05	-2.18213	4e-05	1.39768
0.507102	1.56938	-0.78532	1.8e-05	-2.18212	3.9e-05	1.39765
0.508102	1.5694	-0.785321	1.8e-05	-2.18211	3.9e-05	1.39763
0.509102	1.56943	-0.785323	1.8e-05	-2.1821	3.9e-05	1.39761
0.510102	1.56945	-0.785324	1.8e-05	-2.1821	3.8e-05	1.39758
0.511102	1.56948	-0.785325	1.8e-05	-2.18209	3.8e-05	1.39756
0.512102	1.5695	-0.785326	1.8e-05	-2.18208	3.7e-05	1.39754
0.513102	1.56952	-0.785327	1.7e-05	-2.18208	3.7e-05	1.39752
0.514102	1.56955	-0.785329	1.7e-05	-2.18207	3.6e-05	1.3975
0.515102	1.56957	-0.78533	1.7e-05	-2.18206	3.6e-05	1.39748
0.516102	1.56959	-0.785331	1.7e-05	-2.18206	3.5e-05	1.39746
0.517102	1.56961	-0.785332	1.7e-05	-2.18205	3.5e-05	1.39744
0.518102	1.56963	-0.785333	1.7e-05	-2.18204	3.5e-05	1.39742
0.519102	1.56965	-0.785334	1.7e-05	-2.18203	3.4e-05	1.3974
0.520102	1.56967	-0.785335	1.6e-05	-2.18203	3.4e-05	1.39738
0.521102	1.56969	-0.785336	1.6e-05	-2.18202	3.3e-05	1.39736
0.522102	1.56971	-0.785337	1.6e-05	-2.18202	3.3e-05	1.39734
0.523102	1.56973	-0.785338	1.6e-05	-2.18201	3.2e-05	1.39732
0.524102	1.56975	-0.785339	1.6e-05	-2.18201	3.2e-05	1.3973
0.525102	1.56977	-0.78534	1.6e-05	-2.182	3.2e-05	1.39729
0.526102	1.56979	-0.785341	1.6e-05	-2.18199	3.1e-05	1.39727
0.527102	1.5698	-0.785342	1.5e-05	-2.18199	3.1e-05	1.39725
0.528102	1.56982	-0.785343	1.5e-05	-2.18198	3e-05	1.39724
0.529102	1.56984	-0.785344	1.5e-05	-2.18198	3e-05	1.39722
0.530102	1.56986	-0.785345	1.5e-05	-2.18197	3e-05	1.3972
0.531102	1.56987	-0.785346	1.5e-05	-2.18197	2.9e-05	1.39719
0.532102	1.56989	-0.785346	1.5e-05	-2.18196	2.9e-05	1.39717
0.533102	1.5699	-0.785347	1.5e-05	-2.18195	2.8e-05	1.39716
0.534102	1.56992	-0.785348	1.4e-05	-2.18195	2.8e-05	1.39714
0.535102	1.56994	-0.785349	1.4e-05	-2.18194	2.8e-05	1.39713
0.536102	1.56995	-0.78535	1.4e-05	-2.18194	2.7e-05	1.39711
0.537102	1.56997	-0.785351	1.4e-05	-2.18194	2.7e-05	1.3971
0.538102	1.56998	-0.785351	1.4e-05	-2.18193	2.7e-05	1.39708
0.539102	1.56999	-0.785352	1.4e-05	-2.18193	2.6e-05	1.39707
0.540102	1.57001	-0.785353	1.4e-05	-2.18192	2.6e-05	1.39705
0.541102	1.57002	-0.785354	1.3e-05	-2.18192	2.6e-05	1.39704
0.542102	1.57004	-0.785354	1.3e-05	-2.18191	2.5e-05	1.39703
0.543102	1.57005	-0.785355	1.3e-05	-2.18191	2.5e-05	1.39701
0.544102	1.57006	-0.785356	1.3e-05	-2.1819	2.4e-05	1.397
0.545102	1.57008	-0.785356	1.3e-05	-2.1819	2.4e-05	1.39699
0.546102	1.57009	-0.785357	1.3e-05	-2.1819	2.4e-05	1.39698
0.547102	1.5701	-0.785358	1.3e-05	-2.18189	2.4e-05	1.39697
0.548102	1.57011	-0.785359	1.2e-05	-2.18189	2.3e-05	1.39695
0.549102	1.57012	-0.785359	1.2e-05	-2.18188	2.3e-05	1.39694
0.550102	1.57014	-0.78536	1.2e-05	-2.18188	2.3e-05	1.39693
0.551102	1.57015	-0.78536	1.2e-05	-2.18188	2.2e-05	1.39692
0.552102	1.57016	-0.785361	1.2e-05	-2.18187	2.2e-05	1.39691
0.553102	1.57017	-0.785362	1.2e-05	-2.18187	2.2e-05	1.3969
0.554102	1.57018	-0.785362	1.2e-05	-2.18187	2.1e-05	1.39689
0.555102	1.57019	-0.785363	1.1e-05	-2.18186	2.1e-05	1.39688
0.556102	1.5702	-0.785363	1.1e-05	-2.18186	2.1e-05	1.39687
0.557102	1.57021	-0.785364	1.1e-05	-2.18186	2e-05	1.39685
0.558102	1.57022	-0.785365	1.1e-05	-2.18185	2e-05	1.39684
0.559102	1.57024	-0.785365	1.1e-05	-2.18185	2e-05	1.39683
0.560102	1.57024	-0.785366	1.1e-05	-2.18185	2e-05	1.39682
0.561102	1.57025	-0.785366	1.1e-05	-2.18184	1.9e-05	1.39681
0.562102	1.57026	-0.785367	1e-05	-2.18184	1.9e-05	1.39681
0.563102	1.57027	-0.785367	1e-05	-2.18184	1.9e-05	1.3968
0.564102	1.57028	-0.785368	1e-05	-2.18183	1.8e-05	1.39679
0.565102	1.57029	-0.785368	1e-05	-2.18183	1.8e-05	1.39678
0.566102	1.5703	-0.785369	1e-05	-2.18183	1.8e-05	1.39677
0.567102	1.57031	-0.785369	1e-05	-2.18182	1.8e-05	1.39676
0.568102	1.57032	-0.78537	1e-05	-2.18182	1.7e-05	1.39675
0.569102	1.57033	-0.78537	1e-05	-2.18182	1.7e-05	1.39674
0.570102	1.57034	-0.785371	9e-06	-2.18182	1.7e-05	1.39674
0.571102	1.57034	-0.785371	9e-06	-2.18181	1.7e-05	1.39673
0.572102	1.57035	-0.785372	9e-06	-2.18181	1.6e-05	1.39672
0.573102	1.57036	-0.785372	9e-06	-2.18181	1.6e-05	1.39671
0.574102	1.57037	-0.785373	9e-06	-2.18181	1.6e-05	1.3967
0.575102	1.57038	-0.785373	9e-06	-2.1818	1.6e-05	1.3967
0.576102	1.57038	-0.785373	9e-06	-2.1818	1.6e-05	1.39669
0.577102	1.57039	-0.785374	9e-06	-2.1818	1.5e-05	1.39668
0.578102	1.5704	-0.785374	9e-06	-2.1818	1.5e-05	1.39667
0.579102	1.5704	-0.785375	8e-06	-2.18179	1.5e-05	1.39667
0.580102	1.57041	-0.785375	8e-06	-2.18179	1.5e-05	1.39666
0.581102	1.57042	-0.785375	8e-06	-2.18179	1.4e-05	1.39665
0.582102	1.57042	-0.785376	8e-06	-2.18179	1.4e-05	1.39665
0.583102	1.57043	-0.785376	8e-06	-2.18179	1.4e-05	1.39664
0.584102	1.57044	-0.785377	8e-06	-2.18178	1.4e-05	1.39663
0.585102	1.57044	-0.785377	8e-06	-2.18178	1.4e-05	1.39663
0.586102	1.57045	-0.785377	8e-06	-2.18178	1.3e-05	1.39662
0.587102	1.57046	-0.785378	8e-06	-2.18178	1.3e-05	1.39661
0.588102	1.57046	-0.785378	7e-06	-2.18178	1.3e-05	1.39661
0.589102	1.57047	-0.785378	7e-06	-2.18177	1.3e-05	1.3966
0.590102	1.57047	-0.785379	7e-06	-2.18177	1.3e-05	1.3966
0.591102	1.57048	-0.785379	7e-06	-2.18177	1.2e-05	1.39659
0.592102	1.57048	-0.785379	7e-06	-2.18177	1.2e-05	1.39658
0.593102	1.57049	-0.78538	7e-06	-2.18176	1.2e-05	1.39658
0.594102	1.5705	-0.78538	7e-06	-2.18176	1.2e-05	1.39657
0.595102	1.5705	-0.78538	7e-06	-2.18176	1.2e-05	1.39657
0.596102	1.57051	-0.785381	7e-06	-2.18176	1.2e-05	1.39656
0.597102	1.57051	-0.785381	7e-06	-2.18176	1.1e-05	1.39656
0.598102	1.57052	-0.785381	7e-06	-2.18176	1.1e-05	1.39655
0.599102	1.57052	-0.785381	6e-06	-2.18175	1.1e-05	1.39655
0.600102	1.57053	-0.785382	6e-06	-2.18175	1.1e-05	1.39654
0.601102	1.57053	-0.785382	6e-06	-2.18175	1.1e-05	1.39654
0.602102	1.57054	-0.785382	6e-06	-2.18175	1.1e-05	1.39653
0.603102	1.57054	-0.785383	6e-06	-2.18175	1e-05	1.39653
0.604102	1.57055	-0.785383	6e-06	-2.18175	1e-05	1.39653
0.605102	1.57055	-0.785383	6e-06	-2.18175	1e-05	1.39652
0.606102	1.57055	-0.785383	6e-06	-2.18174	1e-05	1.39652
0.607102	1.57056	-0.785384	6e-06	-2.18174	1e-05	1.39651
0.608102	1.57056	-0.785384	6e-06	-2.18174	1e-05	1.39651
0.609102	1.57057	-0.785384	6e-06	-2.18174	9e-06	1.3965
0.610102	1.57057	-0.785384	6e-06	-2.18174	9e-06	1.3965
0.611102	1.57058	-0.785385	5e-06	-2.18174	9e-06	1.3965
0.612102	1.57058	-0.785385	5e-06	-2.18174	9e-06	1.39649
0.613102	1.57058	-0.785385	5e-06	-2.18174	9e-06	1.39649
0.614102	1.57059	-0.785385	5e-06	-2.18173	9e-06	1.39648
0.615102	1.57059	-0.785385	5e-06	-2.18173	9e-06	1.39648
0.616102	1.57059	-0.785386	5e-06	-2.18173	8e-06	1.39647
0.617102	1.5706	-0.785386	5e-06	-2.18173	8e-06	1.39647
0.618102	1.5706	-0.785386	5e-06	-2.18173	8e-06	1.39647
0.619102	1.57061	-0.785386	5e-06	-2.18173	8e-06	1.39646
0.620102	1.57061	-0.785386	5e-06	-2.18173	8e-06	1.39646
0.621102	1.57061	-0.785387	5e-06	-2.18173	8e-06	1.39646
0.622102	1.57062	-0.785387	5e-06	-2.18172	8e-06	1.39645
0.623102	1.57062	-0.785387	5e-06	-2.18172	8e-06	1.39645
0.624102	1.57062	-0.785387	4e-06	-2.18172	7e-06	1.39645
0.625102	1.57062	-0.785387	4e-06	-2.18172	7e-06	1.39644
0.626102	1.57063	-0.785388	4e-06	-2.18172	7e-06	1.39644
0.627102	1.57063	-0.785388	4e-06	-2.18172	7e-06	1.39644
0.628102	1.57063	-0.785388	4e-06	-2.18172	7e-06	1.39644
0.629102	1.57064	-0.785388	4e-06	-2.18172	7e-06	1.39643
0.630102	1.57064	-0.785388	4e-06	-2.18172	7e-06	1.39643
0.631102	1.57064	-0.785389	4e-06	-2.18172	7e-06	1.39643
0.632102	1.57064	-0.785389	4e-06	-2.18171	7e-06	1.39642
0.633102	1.57065	-0.785389	4e-06	-2.18171	6e-06	1.39642
0.634102	1.57065	-0.785389	4e-06	-2.18171	6e-06	1.39642
0.635102	1.57065	-0.785389	4e-06	-2.18171	6e-06	1.39641
0.636102	1.57065	-0.785389	4e-06	-2.18171	6e-06	1.39641
0.637102	1.57066	-0.785389	4e-06	-2.18171	6e-06	1.39641
0.638102	1.57066	-0.78539	4e-06	-2.18171	6e-06	1.39641
0.639102	1.57066	-0.78539	4e-06	-2.18171	6e-06	1.3964
0.640102	1.57066	-0.78539	4e-06	-2.18171	6e-06	1.3964
0.641102	1.57067	-0.78539	3e-06	-2.18171	6e-06	1.3964
0.642102	1.57067	-0.78539	3e-06	-2.18171	6e-06	1.3964
0.643102	1.57067	-0.78539	3e-06	-2.18171	6e-06	1.3964
0.644102	1.57067	-0.78539	3e-06	-2.1817	5e-06	1.39639
0.645102	1.57068	-0.785391	3e-06	-2.1817	5e-06	1.39639
0.646102	1.57068	-0.785391	3e-06	-2.1817	5e-06	1.39639
0.647102	1.57068	-0.785391	3e-06	-2.1817	5e-06	1.39639
0.648102	1.57068	-0.785391	3e-06	-2.1817	5e-06	1.39638
0.649102	1.57068	-0.785391	3e-06	-2.1817	5e-06	1.39638
0.650102	1.57069	-0.785391	3e-06	-2.1817	5e-06	1.39638
0.651102	1.57069	-0.785391	3e-06	-2.1817	5e-06	1.39638
0.652102	1.57069	-0.785391	3e-06	-2.1817	5e-06	1.39638
0.653102	1.57069	-0.785392	3e-06	-2.1817	5e-06	1.39637
0.654102	1.57069	-0.785392	3e-06	-2.1817	5e-06	1.39637
0.655102	1.5707	-0.785392	3e-06	-2.1817	5e-06	1.39637
0.656102	1.5707	-0.785392	3e-06	-2.1817	4e-06	1.39637
0.657102	1.5707	-0.785392	3e-06	-2.18169	4e-06	1.39637
0.658102	1.5707	-0.785392	3e-06	-2.18169	4e-06	1.39637
0.659102	1.5707	-0.785392	3e-06	-2.18169	4e-06	1.39636
0.660102	1.57071	-0.785392	3e-06	-2.18169	4e-06	1.39636
0.661102	1.57071	-0.785392	3e-06	-2.18169	4e-06	1.39636
0.662102	1.57071	-0.785393	3e-06	-2.18169	4e-06	1.39636
0.663102	1.57071	-0.785393	2e-06	-2.18169	4e-06	1.39636
0.664102	1.57071	-0.785393	2e-06	-2.18169	4e-06	1.39635
0.665102	1.57071	-0.785393	2e-06	-2.18169	4e-06	1.39635
0.666102	1.57071	-0.785393	2e-06	-2.18169	4e-06	1.39635
0.667102	1.57072	-0.785393	2e-06	-2.18169	4e-06	1.39635
0.668102	1.57072	-0.785393	2e-06	-2.18169	4e-06	1.39635
0.669102	1.57072	-0.785393	2e-06	-2.18169	4e-06	1.39635
0.670102	1.57072	-0.785393	2e-06	-2.18169	4e-06	1.39634
0.671102	1.57072	-0.785393	2e-06	-2.18169	4e-06	1.39634
0.672102	1.57072	-0.785393	2e-06	-2.18169	3e-06	1.39634
0.673102	1.57072	-0.785394	2e-06	-2.18169	3e-06	1.39634
0.674102	1.57072	-0.785394	2e-06	-2.18169	3e-06	1.39634
0.675102	1.57073	-0.785394	2e-06	-2.18169	3e-06	1.39634
0.676102	1.57073	-0.785394	2e-06	-2.18169	3e-06	1.39634
0.677102	1.57073	-0.785394	2e-06	-2.18168	3e-06	1.39634
0.678102	1.57073	-0.785394	2e-06	-2.18168	3e-06	1.39633
0.679102	1.57073	-0.785394	2e-06	-2.18168	3e-06	1.39633
0.680102	1.57073	-0.785394	2e-06	-2.18168	3e-06	1.39633
0.681102	1.57073	-0.785394	2e-06	-2.18168	3e-06	1.39633
0.682102	1.57073	-0.785394	2e-06	-2.18168	3e-06	1.39633
0.683102	1.57074	-0.785394	2e-06	-2.18168	3e-06	1.39633
0.684102	1.57074	-0.785394	2e-06	-2.18168	3e-06	1.39633
0.685102	1.57074	-0.785394	2e-06	-2.18168	3e-06	1.39633
0.686102	1.57074	-0.785394	2e-06	-2.18168	3e-06	1.39633
0.687102	1.57074	-0.785395	2e-06	-2.18168	3e-06	1.39632
0.688102	1.57074	-0.785395	2e-06	-2.18168	3e-06	1.39632
0.689102	1.57074	-0.785395	2e-06	-2.18168	3e-06	1.39632
0.690102	1.57074	-0.785395	2e-06	-2.18168	3e-06	1.39632
0.691102	1.57074	-0.785395	2e-06	-2.18168	3e-06	1.39632
0.692102	1.57075	-0.785395	2e-06	-2.18168	2e-06	1.39632
0.693102	1.57075	-0.785395	2e-06	-2.18168	2e-06	1.39632
0.694102	1.57075	-0.785395	2e-06	-2.18168	2e-06	1.39632
0.695102	1.57075	-0.785395	1e-06	-2.18168	2e-06	1.39632
0.696102	1.57075	-0.785395	1e-06	-2.18168	2e-06	1.39631
0.697102	1.57075	-0.785395	1e-06	-2.18168	2e-06	1.39631
0.698102	1.57075	-0.785395	1e-06	-2.18168	2e-06	1.39631
0.699102	1.57075	-0.785395	1e-06	-2.18168	2e-06	1.39631
0.700102	1.57075	-0.785395	1e-06	-2.18168	2e-06	1.39631
0.701102	1.57075	-0.785395	1e-06	-2.18168	2e-06	1.39631
0.702102	1.57075	-0.785395	1e-06	-2.18168	2e-06	1.39631
0.703102	1.57075	-0.785395	1e-06	-2.18168	2e-06	1.39631
0.704102	1.57075	-0.785395	1e-06	-2.18168	2e-06	1.39631
0.705102	1.57076	-0.785396	1e-06	-2.18168	2e-06	1.39631
0.706102	1.57076	-0.785396	1e-06	-2.18168	2e-06	1.39631
0.707102	1.57076	-0.785396	1e-06	-2.18167	2e-06	1.39631
0.708102	1.57076	-0.785396	1e-06	-2.18167	2e-06	1.3963
0.709102	1.57076	-0.785396	1e-06	-2.18167	2e-06	1.3963
0.710102	1.57076	-0.785396	1e-06	-2.18167	2e-06	1.3963
0.711102	1.57076	-0.785396	1e-06	-2.18167	2e-06	1.3963
0.712102	1.57076	-0.785396	1e-06	-2.18167	2e-06	1.3963
0.713102	1.57076	-0.785396	1e-06	-2.18167	2e-06	1.3963
0.714102	1.57076	-0.785396	1e-06	-2.18167	2e-06	1.3963
0.715102	1.57076	-0.785396	1e-06	-2.18167	2e-06	1.3963
0.716102	1.57076	-0.785396	1e-06	-2.18167	2e-06	1.3963
0.717102	1.57076	-0.785396	1e-06	-2.18167	2e-06	1.3963
0.718102	1.57076	-0.785396	1e-06	-2.18167	2e-06	1.3963
0.719102	1.57076	-0.785396	1e-06	-2.18167	2e-06	1.3963
0.720102	1.57076	-0.785396	1e-06	-2.18167	2e-06	1.3963
0.721102	1.57077	-0.785396	1e-06	-2.18167	2e-06	1.3963
0.722102	1.57077	-0.785396	1e-06	-2.18167	2e-06	1.3963
0.723102	1.57077	-0.785396	1e-06	-2.18167	1e-06	1.3963
0.724102	1.57077	-0.785396	1e-06	-2.18167	1e-06	1.3963
0.725102	1.57077	-0.785396	1e-06	-2.18167	1e-06	1.39629
0.726102	1.57077	-0.785396	1e-06	-2.18167	1e-06	1.39629
0.727102	1.57077	-0.785396	1e-06	-2.18167	1e-06	1.39629
0.728102	1.57077	-0.785396	1e-06	-2.18167	1e-06	1.39629
0.729102	1.57077	-0.785396	1e-06	-2.18167	1e-06	1.39629
0.730102	1.57077	-0.785396	1e-06	-2.18167	1e-06	1.39629
0.731102	1.57077	-0.785396	1e-06	-2.18167	1e-06	1.39629
0.732102	1.57077	-0.785397	1e-06	-2.18167	1e-06	1.39629
0.733102	1.57077	-0.785397	1e-06	-2.18167	1e-06	1.39629
0.734102	1.57077	-0.785397	1e-06	-2.18167	1e-06	1.39629
0.735102	1.57077	-0.785397	1e-06	-2.18167	1e-06	1.39629
0.736102	1.57077	-0.785397	1e-06	-2.18167	1e-06	1.39629
0.737102	1.57077	-0.785397	1e-06	-2.18167	1e-06	1.39629
0.738102	1.57077	-0.785397	1e-06	-2.18167	1e-06	1.39629
0.739102	1.57077	-0.785397	1e-06	-2.18167	1e-06	1.39629
0.740102	1.57078	-0.785397	1e-06	-2.18167	1e-06	1.39629
0.741102	1.57078	-0.785397	1e-06	-2.18167	1e-06	1.39629
0.742102	1.57078	-0.785397	1e-06	-2.18167	1e-06	1.39629
0.743102	1.57078	-0.785397	1e-06	-2.18167	1e-06	1.39629
0.744102	1.57078	-0.785397	1e-06	-2.18167	1e-06	1.39628
0.745102	1.57078	-0.785397	1e-06	-2.18167	1e-06	1.39628
0.746102	1.57078	-0.785397	1e-06	-2.18167	1e-06	1.39628
0.747102	1.57078	-0.785397	1e-06	-2.18167	1e-06	1.39628
0.748102	1.57078	-0.785397	1e-06	-2.18167	1e-06	1.39628
0.749102	1.57078	-0.785397	1e-06	-2.18167	1e-06	1.39628
0.750102	1.57078	-0.785397	1e-06	-2.18167	1e-06	1.39628
0.751102	1.57078	-0.785397	1e-06	-2.18167	1e-06	1.39628
0.752102	1.57078	-0.785397	1e-06	-2.18167	1e-06	1.39628
0.753102	1.57078	-0.785397	1e-06	-2.18167	1e-06	1.39628
0.754102	1.57078	-0.785397	1e-06	-2.18167	1e-06	1.39628
0.755102	1.57078	-0.785397	1e-06	-2.18167	1e-06	1.39628
0.756102	1.57078	-0.785397	1e-06	-2.18167	1e-06	1.39628
0.757102	1.57078	-0.785397	1e-06	-2.18167	1e-06	1.39628
0.758102	1.57078	-0.785397	1e-06	-2.18167	1e-06	1.39628
0.759102	1.57078	-0.785397	1e-06	-2.18167	1e-06	1.39628
0.760102	1.57078	-0.785397	0	-2.18167	1e-06	1.39628
0.761102	1.57078	-0.785397	0	-2.18167	1e-06	1.39628
0.762102	1.57078	-0.785397	0	-2.18167	1e-06	1.39628
0.763102	1.57078	-0.785397	0	-2.18167	1e-06	1.39628
0.764102	1.57078	-0.785397	0	-2.18167	1e-06	1.39628
0.765102	1.57078	-0.785397	0	-2.18167	1e-06	1.39628
0.766102	1.57078	-0.785397	0	-2.18167	1e-06	1.39628
0.767102	1.57078	-0.785397	0	-2.18167	1e-06	1.39628
0.768102	1.57078	-0.785397	0	-2.18167	1e-06	1.39628
0.769102	1.57078	-0.785397	0	-2.18167	1e-06	1.39628
0.770102	1.57078	-0.785397	0	-2.18167	1e-06	1.39628
0.771102	1.57078	-0.785397	0	-2.18167	1e-06	1.39628
0.772102	1.57078	-0.785397	0	-2.18167	1e-06	1.39628
0.773102	1.57078	-0.785397	0	-2.18167	1e-06	1.39628
0.774102	1.57079	-0.785397	0	-2.18167	1e-06	1.39628
0.775102	1.57079	-0.785397	0	-2.18167	1e-06	1.39628
0.776102	1.57079	-0.785397	0	-2.18167	1e-06	1.39628
0.777102	1.57079	-0.785397	0	-2.18167	1e-06	1.39628
0.778102	1.57079	-0.785397	0	-2.18167	1e-06	1.39627
0.779102	1.57079	-0.785397	0	-2.18167	1e-06	1.39627
0.780102	1.57079	-0.785397	0	-2.18167	1e-06	1.39627
0.781102	1.57079	-0.785397	0	-2.18167	1e-06	1.39627
0.782102	1.57079	-0.785397	0	-2.18167	1e-06	1.39627
0.783102	1.57079	-0.785397	0	-2.18167	1e-06	1.39627
0.784102	1.57079	-0.785398	0	-2.18167	1e-06	1.39627
0.785102	1.57079	-0.785398	0	-2.18167	0	1.39627
0.786102	1.57079	-0.785398	0	-2.18167	0	1.39627
0.787102	1.57079	-0.785398	0	-2.18167	0	1.39627
0.788102	1.57079	-0.785398	0	-2.18167	0	1.39627
0.789102	1.57079	-0.785398	0	-2.18167	0	1.39627
0.790102	1.57079	-0.785398	0	-2.18167	0	1.39627
0.791102	1.57079	-0.785398	0	-2.18167	0	1.39627
0.792102	1.57079	-0.785398	0	-2.18167	0	1.39627
0.793102	1.57079	-0.785398	0	-2.18167	0	1.39627
0.794102	1.57079	-0.785398	0	-2.18166	0	1.39627
0.795102	1.57079	-0.785398	0	-2.18166	0	1.39627
0.796102	1.57079	-0.785398	0	-2.18166	0	1.39627
0.797102	1.57079	-0.785398	0	-2.18166	0	1.39627
0.798102	1.57079	-0.785398	0	-2.18166	0	1.39627
0.799102	1.57079	-0.785398	0	-2.18166	0	1.39627
0.800102	1.57079	-0.785398	0	-2.18166	0	1.39627
0.801102	1.57079	-0.785398	0	-2.18166	0	1.39627
0.802102	1.57079	-0.785398	0	-2.18166	0	1.39627
0.803102	1.57079	-0.785398	0	-2.18166	0	1.39627
0.804102	1.57079	-0.785398	0	-2.18166	0	1.39627
0.805102	1.57079	-0.785398	0	-2.18166	0	1.39627
0.806102	1.57079	-0.785398	0	-2.18166	0	1.39627
0.807102	1.57079	-0.785398	0	-2.18166	0	1.39627
0.808102	1.57079	-0.785398	0	-2.18166	0	1.39627
0.809102	1.57079	-0.785398	0	-2.18166	0	1.39627
0.810102	1.57079	-0.785398	0	-2.18166	0	1.39627
0.811102	1.57079	-0.785398	0	-2.18166	0	1.39627
0.812102	1.57079	-0.785398	0	-2.18166	0	1.39627
0.813102	1.57079	-0.785398	0	-2.18166	0	1.39627
0.814102	1.57079	-0.785398	0	-2.18166	0	1.39627
0.815102	1.57079	-0.785398	0	-2.18166	0	1.39627
0.816102	1.57079	-0.785398	0	-2.18166	0	1.39627
0.817102	1.57079	-0.785398	0	-2.18166	0	1.39627
0.818102	1.57079	-0.785398	0	-2.18166	0	1.39627
0.819102	1.57079	-0.785398	0	-2.18166	0	1.39627
0.820102	1.57079	-0.785398	0	-2.18166	0	1.39627
0.821102	1.57079	-0.785398	0	-2.18166	0	1.39627
0.822102	1.57079	-0.785398	0	-2.18166	0	1.39627
0.823102	1.57079	-0.785398	0	-2.18166	0	1.39627
0.824102	1.57079	-0.785398	0	-2.18166	0	1.39627
0.825102	1.57079	-0.785398	0	-2.18166	0	1.39627
0.826102	1.57079	-0.785398	0	-2.18166	0	1.39627
0.827102	1.57079	-0.785398	0	-2.18166	0	1.39627
0.828102	1.57079	-0.785398	0	-2.18166	0	1.39627
0.829102	1.57079	-0.785398	0	-2.18166	0	1.39627
0.830102	1.57079	-0.785398	0	-2.18166	0	1.39627
0.831102	1.57079	-0.785398	0	-2.18166	0	1.39627
0.832102	1.57079	-0.785398	0	-2.18166	0	1.39627
0.833102	1.57079	-0.785398	0	-2.18166	0	1.39627
0.834102	1.57079	-0.785398	0	-2.18166	0	1.39627
0.835102	1.57079	-0.785398	0	-2.18166	0	1.39627
0.836102	1.57079	-0.785398	0	-2.18166	0	1.39627
0.837102	1.57079	-0.785398	0	-2.18166	0	1.39627
0.838102	1.57079	-0.785398	0	-2.18166	0	1.39627
0.839102	1.57079	-0.785398	0	-2.18166	0	1.39627
0.840102	1.57079	-0.785398	0	-2.18166	0	1.39627
0.841102	1.57079	-0.785398	0	-2.18166	0	1.39627
0.842102	1.57079	-0.785398	0	-2.18166	0	1.39627
0.843102	1.57079	-0.785398	0	-2.18166	0	1.39627
0.844102	1.57079	-0.785398	0	-2.18166	0	1.39627
0.845102	1.57079	-0.785398	0	-2.18166	0	1.39627
0.846102	1.57079	-0.785398	0	-2.18166	0	1.39627
0.847102	1.57079	-0.785398	0	-2.18166	0	1.39627
0.848102	1.57079	-0.785398	0	-2.18166	0	1.39627
0.849102	1.57079	-0.785398	0	-2.18166	0	1.39627
0.850102	1.57079	-0.785398	0	-2.18166	0	1.39627
0.851102	1.57079	-0.785398	0	-2.18166	0	1.39627
0.852102	1.57079	-0.785398	0	-2.18166	0	1.39627
0.853102	1.57079	-0.785398	0	-2.18166	0	1.39627
0.854102	1.57079	-0.785398	0	-2.18166	0	1.39627
0.855102	1.57079	-0.785398	0	-2.18166	0	1.39627
0.856102	1.57079	-0.785398	0	-2.18166	0	1.39627
0.857102	1.57079	-0.785398	0	-2.18166	0	1.39627
0.858102	1.57079	-0.785398	0	-2.18166	0	1.39627
0.859102	1.57079	-0.785398	0	-2.18166	0	1.39627
0.860102	1.57079	-0.785398	0	-2.18166	0	1.39627
0.861102	1.57079	-0.785398	0	-2.18166	0	1.39627
0.862102	1.57079	-0.785398	0	-2.18166	0	1.39627
0.863102	1.57079	-0.785398	0	-2.18166	0	1.39627
0.864102	1.57079	-0.785398	0	-2.18166	0	1.39627
0.865102	1.57079	-0.785398	0	-2.18166	0	1.39627
0.866102	1.57079	-0.785398	0	-2.18166	0	1.39627
0.867102	1.57079	-0.785398	0	-2.18166	0	1.39627
0.868102	1.57079	-0.785398	0	-2.18166	0	1.39627
0.869102	1.57079	-0.785398	0	-2.18166	0	1.39627
0.870102	1.57079	-0.785398	0	-2.18166	0	1.39627
0.871102	1.57079	-0.785398	0	-2.18166	0	1.39627
0.872102	1.57079	-0.785398	0	-2.18166	0	1.39627
0.873102	1.57079	-0.785398	0	-2.18166	0	1.39627
0.874102	1.57079	-0.785398	0	-2.18166	0	1.39627
0.875102	1.57079	-0.785398	0	-2.18166	0	1.39627
0.876102	1.57079	-0.785398	0	-2.18166	0	1.39627
0.877102	1.57079	-0.785398	0	-2.18166	0	1.39627
0.878102	1.57079	-0.785398	0	-2.18166	0	1.39627
0.879102	1.57079	-0.785398	0	-2.18166	0	1.39627
0.880102	1.57079	-0.785398	0	-2.18166	0	1.39627
0.881102	1.57079	-0.785398	0	-2.18166	0	1.39627
0.882102	1.57079	-0.785398	0	-2.18166	0	1.39627
0.883102	1.57079	-0.785398	0	-2.18166	0	1.39627
0.884102	1.57079	-0.785398	0	-2.18166	0	1.39627
0.885102	1.57079	-0.785398	0	-2.18166	0	1.39627
0.886102	1.57079	-0.785398	0	-2.18166	0	1.39627
0.887102	1.57079	-0.785398	0	-2.18166	0	1.39627
0.888102	1.57079	-0.785398	0	-2.18166	0	1.39627
0.889102	1.57079	-0.785398	0	-2.18166	0	1.39627
0.890102	1.57079	-0.785398	0	-2.18166	0	1.39627
0.891102	1.57079	-0.785398	0	-2.18166	0	1.39627
0.892102	1.57079	-0.785398	0	-2.18166	0	1.39627
0.893102	1.57079	-0.785398	0	-2.18166	0	1.39627
0.894102	1.57079	-0.785398	0	-2.18166	0	1.39627
0.895102	1.57079	-0.785398	0	-2.18166	0	1.39627
0.896102	1.57079	-0.785398	0	-2.18166	0	1.39627
0.897102	1.57079	-0.785398	0	-2.18166	0	1.39627
0.898102	1.57079	-0.785398	0	-2.18166	0	1.39627
0.899102	1.57079	-0.785398	0	-2.18166	0	1.39627
0.900102	1.57079	-0.785398	0	-2.18166	0	1.39627
0.901102	1.57079	-0.785398	0	-2.18166	0	1.39627
0.902102	1.57079	-0.785398	0	-2.18166	0	1.39627
0.903102	1.57079	-0.785398	0	-2.18166	0	1.39627
0.904102	1.57079	-0.785398	0	-2.18166	0	1.39627
0.905102	1.57079	-0.785398	0	-2.18166	0	1.39627
0.906102	1.57079	-0.785398	0	-2.18166	0	1.39627
0.907102	1.57079	-0.785398	0	-2.18166	0	1.39627
0.908102	1.57079	-0.785398	0	-2.18166	0	1.39627
0.909102	1.57079	-0.785398	0	-2.18166	0	1.39627
0.910102	1.57079	-0.785398	0	-2.18166	0	1.39627
0.911102	1.57079	-0.785398	0	-2.18166	0	1.39626
0.912102	1.57079	-0.785398	0	-2.18166	0	1.39626
0.913102	1.57079	-0.785398	0	-2.18166	0	1.39626
0.914102	1.57079	-0.785398	0	-2.18166	0	1.39626
0.915102	1.57079	-0.785398	0	-2.18166	0	1.39626
0.916102	1.57079	-0.785398	0	-2.18166	0	1.39626
0.917102	1.57079	-0.785398	0	-2.18166	0	1.39626
0.918102	1.57079	-0.785398	0	-2.18166	0	1.39626
0.919102	1.57079	-0.785398	0	-2.18166	0	1.39626
0.920102	1.57079	-0.785398	0	-2.18166	0	1.39626
0.921102	1.5708	-0.785398	0	-2.18166	0	1.39626
0.922102	1.5708	-0.785398	0	-2.18166	0	1.39626
0.923102	1.5708	-0.785398	0	-2.18166	0	1.39626
0.924102	1.5708	-0.785398	0	-2.18166	0	1.39626
0.925102	1.5708	-0.785398	0	-2.18166	0	1.39626
0.926102	1.5708	-0.785398	0	-2.18166	0	1.39626
0.927102	1.5708	-0.785398	0	-2.18166	0	1.39626
0.928102	1.5708	-0.785398	0	-2.18166	0	1.39626
0.929102	1.5708	-0.785398	0	-2.18166	0	1.39626
0.930102	1.5708	-0.785398	0	-2.18166	0	1.39626
0.931102	1.5708	-0.785398	0	-2.18166	0	1.39626
0.932102	1.5708	-0.785398	0	-2.18166	0	1.39626
0.933102	1.5708	-0.785398	0	-2.18166	0	1.39626
0.934102	1.5708	-0.785398	0	-2.18166	0	1.39626
0.935102	1.5708	-0.785398	0	-2.18166	0	1.39626
0.936102	1.5708	-0.785398	0	-2.18166	0	1.39626
0.937102	1.5708	-0.785398	0	-2.18166	0	1.39626
0.938102	1.5708	-0.785398	0	-2.18166	0	1.39626
0.939102	1.5708	-0.785398	0	-2.18166	0	1.39626
0.940102	1.5708	-0.785398	0	-2.18166	0	1.39626
0.941102	1.5708	-0.785398	0	-2.18166	0	1.39626
0.942102	1.5708	-0.785398	0	-2.18166	0	1.39626
0.943102	1.5708	-0.785398	0	-2.18166	0	1.39626
0.944102	1.5708	-0.785398	0	-2.18166	0	1.39626
0.945102	1.5708	-0.785398	0	-2.18166	0	1.39626
0.946102	1.5708	-0.785398	0	-2.18166	0	1.39626
0.947102	1.5708	-0.785398	0	-2.18166	0	1.39626
0.948102	1.5708	-0.785398	0	-2.18166	0	1.39626
0.949102	1.5708	-0.785398	0	-2.18166	0	1.39626
0.950102	1.5708	-0.785398	0	-2.18166	0	1.39626
0.951102	1.5708	-0.785398	0	-2.18166	0	1.39626
0.952102	1.5708	-0.785398	0	-2.18166	0	1.39626
0.953102	1.5708	-0.785398	0	-2.18166	0	1.39626
0.954102	1.5708	-0.785398	0	-2.18166	0	1.39626
0.955102	1.5708	-0.785398	0	-2.18166	0	1.39626
0.956102	1.5708	-0.785398	0	-2.18166	0	1.39626
0.957102	1.5708	-0.785398	0	-2.18166	0	1.39626
0.958102	1.5708	-0.785398	0	-2.18166	0	1.39626
0.959102	1.5708	-0.785398	0	-2.18166	0	1.39626
0.960102	1.5708	-0.785398	0	-2.18166	0	1.39626
0.961102	1.5708	-0.785398	0	-2.18166	0	1.39626
0.962102	1.5708	-0.785398	0	-2.18166	0	1.39626
0.963102	1.5708	-0.785398	0	-2.18166	0	1.39626
0.964102	1.5708	-0.785398	0	-2.18166	0	1.39626
0.965102	1.5708	-0.785398	0	-2.18166	0	1.39626
0.966102	1.5708	-0.785398	0	-2.18166	0	1.39626
0.967102	1.5708	-0.785398	0	-2.18166	0	1.39626
0.968102	1.5708	-0.785398	0	-2.18166	0	1.39626
0.969102	1.5708	-0.785398	0	-2.18166	0	1.39626
0.970102	1.5708	-0.785398	0	-2.18166	0	1.39626
0.971102	1.5708	-0.785398	0	-2.18166	0	1.39626
0.972102	1.5708	-0.785398	0	-2.18166	0	1.39626
0.973102	1.5708	-0.785398	0	-2.18166	0	1.39626
0.974102	1.5708	-0.785398	0	-2.18166	0	1.39626
0.975102	1.5708	-0.785398	0	-2.18166	0	1.39626
0.976102	1.5708	-0.785398	0	-2.18166	0	1.39626
0.977102	1.5708	-0.785398	0	-2.18166	0	1.39626
0.978102	1.5708	-0.785398	0	-2.18166	0	1.39626
0.979102	1.5708	-0.785398	0	-2.18166	0	1.39626
0.980102	1.5708	-0.785398	0	-2.18166	0	1.39626
0.981102	1.5708	-0.785398	0	-2.18166	0	1.39626
0.982102	1.5708	-0.785398	0	-2.18166	0	1.39626
0.983102	1.5708	-0.785398	0	-2.18166	0	1.39626
0.984102	1.5708	-0.785398	0	-2.18166	0	1.39626
0.985102	1.5708	-0.785398	0	-2.18166	0	1.39626
0.986102	1.5708	-0.785398	0	-2.18166	0	1.39626
0.987102	1.5708	-0.785398	0	-2.18166	0	1.39626
0.988102	1.5708	-0.785398	0	-2.18166	0	1.39626
0.989102	1.5708	-0.785398	0	-2.18166	0	1.39626
0.990102	1.5708	-0.785398	0	-2.18166	0	1.39626
0.991102	1.5708	-0.785398	0	-2.18166	0	1.39626
0.992102	1.5708	-0.785398	0	-2.18166	0	1.39626
0.993102	1.5708	-0.785398	0	-2.18166	0	1.39626
0.994102	1.5708	-0.785398	0	-2.18166	0	1.39626
0.995102	1.5708	-0.785398	0	-2.18166	0	1.39626
0.996102	1.5708	-0.785398	0	-2.18166	0	1.39626
0.997102	1.5708	-0.785398	0	-2.18166	0	1.39626
0.998102	1.5708	-0.785398	0	-2.18166	0	1.39626
0.999102	1.5708	-0.785398	0	-2.18166	0	1.39626
1.0001	1.5708	-0.785398	0	-2.18166	0	1.39626
1.0011	1.5708	-0.785398	0	-2.18166	0	1.39626
1.0021	1.5708	-0.785398	0	-2.18166	0	1.39626
1.0031	1.5708	-0.785398	0	-2.18166	0	1.39626
1.0041	1.5708	-0.785398	0	-2.18166	0	1.39626
1.0051	1.5708	-0.785398	0	-2.18166	0	1.39626
1.0061	1.5708	-0.785398	0	-2.18166	0	1.39626
1.0071	1.5708	-0.785398	0	-2.18166	0	1.39626
1.0081	1.5708	-0.785398	0	-2.18166	0	1.39626
1.0091	1.5708	-0.785398	0	-2.18166	0	1.39626
1.0101	1.5708	-0.785398	0	-2.18166	0	1.39626
1.0111	1.5708	-0.785398	0	-2.18166	0	1.39626
1.0121	1.5708	-0.785398	0	-2.18166	0	1.39626
1.0131	1.5708	-0.785398	0	-2.18166	0	1.39626
1.0141	1.5708	-0.785398	0	-2.18166	0	1.39626
1.0151	1.5708	-0.785398	0	-2.18166	0	1.39626
1.0161	1.5708	-0.785398	0	-2.18166	0	1.39626
1.0171	1.5708	-0.785398	0	-2.18166	0	1.39626
1.0181	1.5708	-0.785398	0	-2.18166	0	1.39626
1.0191	1.5708	-0.785398	0	-2.18166	0	1.39626
1.0201	1.5708	-0.785398	0	-2.18166	0	1.39626
1.0211	1.5708	-0.785398	0	-2.18166	0	1.39626
1.0221	1.5708	-0.785398	0	-2.18166	0	1.39626
1.0231	1.5708	-0.785398	0	-2.18166	0	1.39626
1.0241	1.5708	-0.785398	0	-2.18166	0	1.39626
1.0251	1.5708	-0.785398	0	-2.18166	0	1.39626
1.0261	1.5708	-0.785398	0	-2.18166	0	1.39626
1.0271	1.5708	-0.785398	0	-2.18166	0	1.39626
1.0281	1.5708	-0.785398	0	-2.18166	0	1.39626
1.0291	1.5708	-0.785398	0	-2.18166	0	1.39626
1.0301	1.5708	-0.785398	0	-2.18166	0	1.39626
1.0311	1.5708	-0.785398	0	-2.18166	0	1.39626
1.0321	1.5708	-0.785398	0	-2.18166	0	1.39626
1.0331	1.5708	-0.785398	0	-2.18166	0	1.39626
1.0341	1.5708	-0.785398	0	-2.18166	0	1.39626
1.0351	1.5708	-0.785398	0	-2.18166	0	1.39626
1.0361	1.5708	-0.785398	0	-2.18166	0	1.39626
1.0371	1.5708	-0.785398	0	-2.18166	0	1.39626
1.0381	1.5708	-0.785398	0	-2.18166	0	1.39626
1.0391	1.5708	-0.785398	0	-2.18166	0	1.39626
1.0401	1.5708	-0.785398	0	-2.18166	0	1.39626
1.0411	1.5708	-0.785398	0	-2.18166	0	1.39626
1.0421	1.5708	-0.785398	0	-2.18166	0	1.39626
1.0431	1.5708	-0.785398	0	-2.18166	0	1.39626
1.0441	1.5708	-0.785398	0	-2.18166	0	1.39626
1.0451	1.5708	-0.785398	0	-2.18166	0	1.39626
1.0461	1.5708	-0.785398	0	-2.18166	0	1.39626
1.0471	1.5708	-0.785398	0	-2.18166	0	1.39626
1.0481	1.5708	-0.785398	0	-2.18166	0	1.39626
1.0491	1.5708	-0.785398	0	-2.18166	0	1.39626
1.0501	1.5708	-0.785398	0	-2.18166	0	1.39626
1.0511	1.5708	-0.785398	0	-2.18166	0	1.39626
1.0521	1.5708	-0.785398	0	-2.18166	0	1.39626
1.0531	1.5708	-0.785398	0	-2.18166	0	1.39626
1.0541	1.5708	-0.785398	0	-2.18166	0	1.39626
1.0551	1.5708	-0.785398	0	-2.18166	0	1.39626
1.0561	1.5708	-0.785398	0	-2.18166	0	1.39626
1.0571	1.5708	-0.785398	0	-2.18166	0	1.39626
1.0581	1.5708	-0.785398	0	-2.18166	0	1.39626
1.0591	1.5708	-0.785398	0	-2.18166	0	1.39626
1.0601	1.5708	-0.785398	0	-2.18166	0	1.39626
1.0611	1.5708	-0.785398	0	-2.18166	0	1.39626
1.0621	1.5708	-0.785398	0	-2.18166	0	1.39626
1.0631	1.5708	-0.785398	0	-2.18166	0	1.39626
1.0641	1.5708	-0.785398	0	-2.18166	0	1.39626
1.0651	1.5708	-0.785398	0	-2.18166	0	1.39626
1.0661	1.5708	-0.785398	0	-2.18166	0	1.39626
1.0671	1.5708	-0.785398	0	-2.18166	0	1.39626
1.0681	1.5708	-0.785398	0	-2.18166	0	1.39626
1.0691	1.5708	-0.785398	0	-2.18166	0	1.39626
1.0701	1.5708	-0.785398	0	-2.18166	0	1.39626
1.0711	1.5708	-0.785398	0	-2.18166	0	1.39626
1.0721	1.5708	-0.785398	0	-2.18166	0	1.39626
1.0731	1.5708	-0.785398	0	-2.18166	0	1.39626
1.0741	1.5708	-0.785398	0	-2.18166	0	1.39626
1.0751	1.5708	-0.785398	0	-2.18166	0	1.39626
1.0761	1.5708	-0.785398	0	-2.18166	0	1.39626
1.0771	1.5708	-0.785398	0	-2.18166	0	1.39626
1.0781	1.5708	-0.785398	0	-2.18166	0	1.39626
1.0791	1.5708	-0.785398	0	-2.18166	0	1.39626
1.0801	1.5708	-0.785398	0	-2.18166	0	1.39626
1.0811	1.5708	-0.785398	0	-2.18166	0	1.39626
1.0821	1.5708	-0.785398	0	-2.18166	0	1.39626
1.0831	1.5708	-0.785398	0	-2.18166	0	1.39626
1.0841	1.5708	-0.785398	0	-2.18166	0	1.39626
1.0851	1.5708	-0.785398	0	-2.18166	0	1.39626
1.0861	1.5708	-0.785398	0	-2.18166	0	1.39626
1.0871	1.5708	-0.785398	0	-2.18166	0	1.39626
1.0881	1.5708	-0.785398	0	-2.18166	0	1.39626
1.0891	1.5708	-0.785398	0	-2.18166	0	1.39626
1.0901	1.5708	-0.785398	0	-2.18166	0	1.39626
1.0911	1.5708	-0.785398	0	-2.18166	0	1.39626
1.0921	1.5708	-0.785398	0	-2.18166	0	1.39626
1.0931	1.5708	-0.785398	0	-2.18166	0	1.39626
1.0941	1.5708	-0.785398	0	-2.18166	0	1.39626
1.0951	1.5708	-0.785398	0	-2.18166	0	1.39626
1.0961	1.5708	-0.785398	0	-2.18166	0	1.39626
1.0971	1.5708	-0.785398	0	-2.18166	0	1.39626
1.0981	1.5708	-0.785398	0	-2.18166	0	1.39626
1.0991	1.5708	-0.785398	0	-2.18166	0	1.39626
1.1001	1.5708	-0.785398	0	-2.18166	0	1.39626
1.1011	1.5708	-0.785398	0	-2.18166	0	1.39626
1.1021	1.5708	-0.785398	0	-2.18166	0	1.39626
1.1031	1.5708	-0.785398	0	-2.18166	0	1.39626
1.1041	1.5708	-0.785398	0	-2.18166	0	1.39626
1.1051	1.5708	-0.785398	0	-2.18166	0	1.39626
1.1061	1.5708	-0.785398	0	-2.18166	0	1.39626
1.1071	1.5708	-0.785398	0	-2.18166	0	1.39626
1.1081	1.5708	-0.785398	0	-2.18166	0	1.39626
1.1091	1.5708	-0.785398	0	-2.18166	0	1.39626
1.1101	1.5708	-0.785398	0	-2.18166	0	1.39626
1.1111	1.5708	-0.785398	0	-2.18166	0	1.39626
1.1121	1.5708	-0.785398	0	-2.18166	0	1.39626
1.1131	1.5708	-0.785398	0	-2.18166	0	1.39626
1.1141	1.5708	-0.785398	0	-2.18166	0	1.39626
1.1151	1.5708	-0.785398	0	-2.18166	0	1.39626
1.1161	1.5708	-0.785398	0	-2.18166	0	1.39626
1.1171	1.5708	-0.785398	0	-2.18166	0	1.39626
1.1181	1.5708	-0.785398	0	-2.18166	0	1.39626
1.1191	1.5708	-0.785398	0	-2.18166	0	1.39626
1.1201	1.5708	-0.785398	0	-2.18166	0	1.39626
1.1211	1.5708	-0.785398	0	-2.18166	0	1.39626
1.1221	1.5708	-0.785398	0	-2.18166	0	1.39626
1.1231	1.5708	-0.785398	0	-2.18166	0	1.39626
1.1241	1.5708	-0.785398	0	-2.18166	0	1.39626
1.1251	1.5708	-0.785398	0	-2.18166	0	1.39626
1.1261	1.5708	-0.785398	0	-2.18166	0	1.39626
1.1271	1.5708	-0.785398	0	-2.18166	0	1.39626
1.1281	1.5708	-0.785398	0	-2.18166	0	1.39626
1.1291	1.5708	-0.785398	0	-2.18166	0	1.39626
1.1301	1.5708	-0.785398	0	-2.18166	0	1.39626
1.1311	1.5708	-0.785398	0	-2.18166	0	1.39626
1.1321	1.5708	-0.785398	0	-2.18166	0	1.39626
1.1331	1.5708	-0.785398	0	-2.18166	0	1.39626
1.1341	1.5708	-0.785398	0	-2.18166	0	1.39626
1.1351	1.5708	-0.785398	0	-2.18166	0	1.39626
1.1361	1.5708	-0.785398	0	-2.18166	0	1.39626
1.1371	1.5708	-0.785398	0	-2.18166	0	1.39626
1.1381	1.5708	-0.785398	0	-2.18166	0	1.39626
1.1391	1.5708	-0.785398	0	-2.18166	0	1.39626
1.1401	1.5708	-0.785398	0	-2.18166	0	1.39626
1.1411	1.5708	-0.785398	0	-2.18166	0	1.39626
1.1421	1.5708	-0.785398	0	-2.18166	0	1.39626
1.1431	1.5708	-0.785398	0	-2.18166	0	1.39626
1.1441	1.5708	-0.785398	0	-2.18166	0	1.39626
1.1451	1.5708	-0.785398	0	-2.18166	0	1.39626
1.1461	1.5708	-0.785398	0	-2.18166	0	1.39626
1.1471	1.5708	-0.785398	0	-2.18166	0	1.39626
1.1481	1.5708	-0.785398	0	-2.18166	0	1.39626
1.1491	1.5708	-0.785398	0	-2.18166	0	1.39626
1.1501	1.5708	-0.785398	0	-2.18166	0	1.39626
1.1511	1.5708	-0.785398	0	-2.18166	0	1.39626
1.1521	1.5708	-0.785398	0	-2.18166	0	1.39626
1.1531	1.5708	-0.785398	0	-2.18166	0	1.39626
1.1541	1.5708	-0.785398	0	-2.18166	0	1.39626
1.1551	1.5708	-0.785398	0	-2.18166	0	1.39626
1.1561	1.5708	-0.785398	0	-2.18166	0	1.39626
1.1571	1.5708	-0.785398	0	-2.18166	0	1.39626
1.1581	1.5708	-0.785398	0	-2.18166	0	1.39626
1.1591	1.5708	-0.785398	0	-2.18166	0	1.39626
1.1601	1.5708	-0.785398	0	-2.18166	0	1.39626
1.1611	1.5708	-0.785398	0	-2.18166	0	1.39626
1.1621	1.5708	-0.785398	0	-2.18166	0	1.39626
1.1631	1.5708	-0.785398	0	-2.18166	0	1.39626
1.1641	1.5708	-0.785398	0	-2.18166	0	1.39626
1.1651	1.5708	-0.785398	0	-2.18166	0	1.39626
1.1661	1.5708	-0.785398	0	-2.18166	0	1.39626
1.1671	1.5708	-0.785398	0	-2.18166	0	1.39626
1.1681	1.5708	-0.785398	0	-2.18166	0	1.39626
1.1691	1.5708	-0.785398	0	-2.18166	0	1.39626
1.1701	1.5708	-0.785398	0	-2.18166	0	1.39626
1.1711	1.5708	-0.785398	0	-2.18166	0	1.39626
1.1721	1.5708	-0.785398	0	-2.18166	0	1.39626
1.1731	1.5708	-0.785398	0	-2.18166	0	1.39626
1.1741	1.5708	-0.785398	0	-2.18166	0	1.39626
1.1751	1.5708	-0.785398	0	-2.18166	0	1.39626
1.1761	1.5708	-0.785398	0	-2.18166	0	1.39626
1.1771	1.5708	-0.785398	0	-2.18166	0	1.39626
1.1781	1.5708	-0.785398	0	-2.18166	0	1.39626
1.1791	1.5708	-0.785398	0	-2.18166	0	1.39626
1.1801	1.5708	-0.785398	0	-2.18166	0	1.39626
1.1811	1.5708	-0.785398	0	-2.18166	0	1.39626
1.1821	1.5708	-0.785398	0	-2.18166	0	1.39626
1.1831	1.5708	-0.785398	0	-2.18166	0	1.39626
1.1841	1.5708	-0.785398	0	-2.18166	0	1.39626
1.1851	1.5708	-0.785398	0	-2.18166	0	1.39626
1.1861	1.5708	-0.785398	0	-2.18166	0	1.39626
1.1871	1.5708	-0.785398	0	-2.18166	0	1.39626
1.1881	1.5708	-0.785398	0	-2.18166	0	1.39626
1.1891	1.5708	-0.785398	0	-2.18166	0	1.39626
1.1901	1.5708	-0.785398	0	-2.18166	0	1.39626
1.1911	1.5708	-0.785398	0	-2.18166	0	1.39626
1.1921	1.5708	-0.785398	0	-2.18166	0	1.39626
1.1931	1.5708	-0.785398	0	-2.18166	0	1.39626
1.1941	1.5708	-0.785398	0	-2.18166	0	1.39626
1.1951	1.5708	-0.785398	0	-2.18166	0	1.39626
1.1961	1.5708	-0.785398	0	-2.18166	0	1.39626
1.1971	1.5708	-0.785398	0	-2.18166	0	1.39626
1.1981	1.5708	-0.785398	0	-2.18166	0	1.39626
1.1991	1.5708	-0.785398	0	-2.18166	0	1.39626
1.2001	1.5708	-0.785398	0	-2.18166	0	1.39626
1.2011	1.5708	-0.785398	0	-2.18166	0	1.39626
1.2021	1.5708	-0.785398	0	-2.18166	0	1.39626
1.2031	1.5708	-0.785398	0	-2.18166	0	1.39626
1.2041	1.5708	-0.785398	0	-2.18166	0	1.39626
1.2051	1.5708	-0.785398	0	-2.18166	0	1.39626
1.2061	1.5708	-0.785398	0	-2.18166	0	1.39626
1.2071	1.5708	-0.785398	0	-2.18166	0	1.39626
1.2081	1.5708	-0.785398	0	-2.18166	0	1.39626
1.2091	1.5708	-0.785398	0	-2.18166	0	1.39626
1.2101	1.5708	-0.785398	0	-2.18166	0	1.39626
1.2111	1.5708	-0.785398	0	-2.18166	0	1.39626
1.2121	1.5708	-0.785398	0	-2.18166	0	1.39626
1.2131	1.5708	-0.785398	0	-2.18166	0	1.39626
1.2141	1.5708	-0.785398	0	-2.18166	0	1.39626
1.2151	1.5708	-0.785398	0	-2.18166	0	1.39626
1.2161	1.5708	-0.785398	0	-2.18166	0	1.39626
1.2171	1.5708	-0.785398	0	-2.18166	0	1.39626
1.2181	1.5708	-0.785398	0	-2.18166	0	1.39626
1.2191	1.5708	-0.785398	0	-2.18166	0	1.39626
1.2201	1.5708	-0.785398	0	-2.18166	0	1.39626
