0.00111958	-1.39626	-0.785398	0	-2.18166	0	1.39626
0.00211958	-1.39567	-0.785392	-0	-2.18165	-0	1.39626
0.00311958	-1.39391	-0.78538	-0	-2.18162	-0	1.39624
0.00411958	-1.39104	-0.785369	-0	-2.18159	-0	1.39623
0.00511958	-1.38709	-0.785358	-0	-2.18157	-0	1.39622
0.00611958	-1.38211	-0.785347	-0	-2.18154	-0	1.39621
0.00711958	-1.37615	-0.785337	-0	-2.18152	-0	1.3962
0.00811958	-1.36923	-0.785328	-0	-2.1815	-0	1.39619
0.00911958	-1.36141	-0.785318	-0	-2.18148	-0	1.39619
0.0101196	-1.35272	-0.78531	-0	-2.18147	-1e-06	1.39618
0.0111196	-1.3432	-0.785301	-0	-2.18145	-1e-06	1.39618
0.0121196	-1.33288	-0.785293	-1e-06	-2.18144	-1e-06	1.39619
0.0131196	-1.3218	-0.785285	-1e-06	-2.18142	-1e-06	1.39619
0.0141196	-1.30999	-0.785278	-1e-06	-2.18141	-1e-06	1.3962
0.0151196	-1.29749	-0.78527	-1e-06	-2.1814	-1e-06	1.3962
0.0161196	-1.28433	-0.785264	-1e-06	-2.18139	-1e-06	1.39621
0.0171196	-1.27053	-0.785257	-1e-06	-2.18139	-2e-06	1.39623
0.0181196	-1.25614	-0.785251	-1e-06	-2.18138	-2e-06	1.39624
0.0191196	-1.24117	-0.785245	-1e-06	-2.18137	-2e-06	1.39626
0.0201196	-1.22566	-0.785239	-1e-06	-2.18137	-2e-06	1.39627
0.0211196	-1.20963	-0.785234	-1e-06	-2.18137	-2e-06	1.39629
0.0221196	-1.19311	-0.785229	-1e-06	-2.18137	-2e-06	1.39631
0.0231196	-1.17613	-0.785224	-2e-06	-2.18137	-2e-06	1.39634
0.0241196	-1.1587	-0.78522	-2e-06	-2.18137	-2e-06	1.39636
0.0251196	-1.14086	-0.785215	-2e-06	-2.18137	-3e-06	1.39638
0.0261196	-1.12263	-0.785211	-2e-06	-2.18137	-3e-06	1.39641
0.0271196	-1.10403	-0.785207	-2e-06	-2.18137	-3e-06	1.39643
0.0281196	-1.08508	-0.785204	-2e-06	-2.18138	-3e-06	1.39646
0.0291196	-1.0658	-0.7852	-2e-06	-2.18138	-3e-06	1.39649
0.0301196	-1.04622	-0.785197	-2e-06	-2.18139	-3e-06	1.39651
0.0311196	-1.02635	-0.785194	-2e-06	-2.18139	-3e-06	1.39654
0.0321196	-1.00621	-0.785191	-2e-06	-2.1814	-3e-06	1.39657
0.0331196	-0.985819	-0.785188	-2e-06	-2.1814	-3e-06	1.3966
0.0341196	-0.9652	-0.785186	-2e-06	-2.18141	-3e-06	1.39663
0.0351196	-0.944365	-0.785184	-3e-06	-2.18142	-3e-06	1.39666
0.0361196	-0.923334	-0.785181	-3e-06	-2.18143	-3e-06	1.39669
0.0371196	-0.90212	-0.785179	-3e-06	-2.18143	-3e-06	1.39671
0.0381196	-0.880741	-0.785178	-3e-06	-2.18144	-3e-06	1.39674
0.0391196	-0.85921	-0.785176	-3e-06	-2.18145	-3e-06	1.39677
0.0401196	-0.837543	-0.785175	-3e-06	-2.18146	-3e-06	1.3968
0.0411196	-0.815753	-0.785173	-3e-06	-2.18147	-3e-06	1.39682
0.0421196	-0.793854	-0.785172	-3e-06	-2.18147	-3e-06	1.39685
0.0431196	-0.771859	-0.785171	-3e-06	-2.18148	-3e-06	1.39688
0.0441196	-0.74978	-0.78517	-3e-06	-2.18149	-3e-06	1.3969
0.0451196	-0.72763	-0.785169	-3e-06	-2.1815	-3e-06	1.39692
0.0461196	-0.70542	-0.785168	-3e-06	-2.18151	-3e-06	1.39695
0.0471196	-0.683161	-0.785168	-3e-06	-2.18151	-3e-06	1.39697
0.0481196	-0.660864	-0.785167	-3e-06	-2.18152	-3e-06	1.39699
0.0491196	-0.638539	-0.785167	-3e-06	-2.18153	-3e-06	1.39701
0.0501196	-0.616197	-0.785167	-3e-06	-2.18153	-3e-06	1.39703
0.0511196	-0.593847	-0.785167	-3e-06	-2.18154	-3e-06	1.39705
0.0521196	-0.571499	-0.785166	-3e-06	-2.18155	-3e-06	1.39707
0.0531196	-0.54916	-0.785167	-3e-06	-2.18155	-3e-06	1.39708
0.0541196	-0.52684	-0.785167	-3e-06	-2.18156	-3e-06	1.3971
0.0551196	-0.504548	-0.785167	-3e-06	-2.18157	-3e-06	1.39711
0.0561196	-0.48229	-0.785167	-3e-06	-2.18157	-3e-06	1.39712
0.0571196	-0.460074	-0.785168	-2e-06	-2.18158	-3e-06	1.39714
0.0581196	-0.437908	-0.785168	-2e-06	-2.18158	-3e-06	1.39715
0.0591196	-0.415799	-0.785169	-2e-06	-2.18159	-3e-06	1.39716
0.0601196	-0.393753	-0.785169	-2e-06	-2.18159	-3e-06	1.39717
0.0611196	-0.371776	-0.78517	-2e-06	-2.1816	-2e-06	1.39717
0.0621196	-0.349875	-0.785171	-2e-06	-2.1816	-2e-06	1.39718
0.0631196	-0.328056	-0.785171	-2e-06	-2.1816	-2e-06	1.39719
0.0641196	-0.306323	-0.785172	-2e-06	-2.18161	-2e-06	1.39719
0.0651196	-0.284683	-0.785173	-2e-06	-2.18161	-2e-06	1.39719
0.0661196	-0.263141	-0.785174	-2e-06	-2.18161	-2e-06	1.39719
0.0671196	-0.241701	-0.785175	-2e-06	-2.18162	-2e-06	1.3972
0.0681196	-0.220367	-0.785176	-2e-06	-2.18162	-2e-06	1.3972
0.0691196	-0.199145	-0.785177	-2e-06	-2.18162	-2e-06	1.3972
0.0701196	-0.178038	-0.785179	-2e-06	-2.18162	-2e-06	1.39719
0.0711196	-0.157051	-0.78518	-2e-06	-2.18162	-2e-06	1.39719
0.0721196	-0.136187	-0.785181	-2e-06	-2.18162	-2e-06	1.39719
0.0731196	-0.11545	-0.785182	-1e-06	-2.18162	-1e-06	1.39718
0.0741196	-0.094842	-0.785184	-1e-06	-2.18162	-1e-06	1.39718
0.0751196	-0.074368	-0.785185	-1e-06	-2.18162	-1e-06	1.39717
0.0761196	-0.054031	-0.785187	-1e-06	-2.18162	-1e-06	1.39716
0.0771196	-0.033832	-0.785188	-1e-06	-2.18162	-1e-06	1.39715
0.0781196	-0.013776	-0.78519	-1e-06	-2.18162	-1e-06	1.39714
0.0791196	0.006137	-0.785191	-1e-06	-2.18162	-1e-06	1.39713
0.0801196	0.025902	-0.785193	-1e-06	-2.18162	-1e-06	1.39712
0.0811196	0.045519	-0.785194	-1e-06	-2.18162	-1e-06	1.39711
0.0821196	0.064984	-0.785196	-1e-06	-2.18162	-1e-06	1.3971
0.0831196	0.084297	-0.785197	-1e-06	-2.18161	-1e-06	1.39709
0.0841196	0.103455	-0.785199	-1e-06	-2.18161	-1e-06	1.39707
0.0851196	0.122456	-0.785201	-1e-06	-2.18161	-0	1.39706
0.0861196	0.1413	-0.785202	-1e-06	-2.18161	-0	1.39704
0.0871196	0.159984	-0.785204	-1e-06	-2.1816	-0	1.39703
0.0881196	0.178508	-0.785206	-1e-06	-2.1816	-0	1.39701
0.0891196	0.19687	-0.785207	-0	-2.1816	-0	1.397
0.0901196	0.215069	-0.785209	-0	-2.18159	-0	1.39698
0.0911196	0.233104	-0.785211	-0	-2.18159	-0	1.39696
0.0921196	0.250974	-0.785213	-0	-2.18159	-0	1.39695
0.0931196	0.268679	-0.785214	-0	-2.18158	0	1.39693
0.0941196	0.286218	-0.785216	-0	-2.18158	0	1.39691
0.0951196	0.30359	-0.785218	-0	-2.18158	0	1.39689
0.0961196	0.320795	-0.78522	-0	-2.18157	0	1.39687
0.0971196	0.337833	-0.785222	-0	-2.18157	0	1.39685
0.0981196	0.354702	-0.785223	-0	-2.18156	0	1.39683
0.0991196	0.371404	-0.785225	-0	-2.18156	0	1.39681
0.10012	0.387937	-0.785227	-0	-2.18155	0	1.39679
0.10112	0.404302	-0.785229	0	-2.18155	0	1.39677
0.10212	0.420499	-0.785231	0	-2.18154	0	1.39675
0.10312	0.436527	-0.785232	0	-2.18154	0	1.39673
0.10412	0.452387	-0.785234	0	-2.18153	0	1.39671
0.10512	0.468079	-0.785236	0	-2.18153	1e-06	1.39669
0.10612	0.483603	-0.785238	0	-2.18152	1e-06	1.39667
0.10712	0.49896	-0.78524	0	-2.18152	1e-06	1.39665
0.10812	0.51415	-0.785241	0	-2.18151	1e-06	1.39663
0.10912	0.529173	-0.785243	0	-2.18151	1e-06	1.3966
0.11012	0.54403	-0.785245	0	-2.1815	1e-06	1.39658
0.11112	0.558721	-0.785247	0	-2.1815	1e-06	1.39656
0.11212	0.573246	-0.785248	0	-2.18149	1e-06	1.39654
0.11312	0.587608	-0.78525	0	-2.18149	1e-06	1.39652
0.11412	0.601805	-0.785252	0	-2.18148	1e-06	1.3965
0.11512	0.615839	-0.785254	0	-2.18148	1e-06	1.39648
0.11612	0.629711	-0.785256	0	-2.18147	1e-06	1.39646
0.11712	0.64342	-0.785257	0	-2.18147	1e-06	1.39644
0.11812	0.656969	-0.785259	0	-2.18146	1e-06	1.39642
0.11912	0.670358	-0.785261	0	-2.18146	1e-06	1.3964
0.12012	0.683587	-0.785262	0	-2.18145	1e-06	1.39638
0.12112	0.696658	-0.785264	0	-2.18145	1e-06	1.39636
0.12212	0.709571	-0.785266	0	-2.18144	1e-06	1.39634
0.12312	0.722328	-0.785267	0	-2.18144	1e-06	1.39632
0.12412	0.734929	-0.785269	0	-2.18144	1e-06	1.3963
0.12512	0.747376	-0.785271	0	-2.18143	1e-06	1.39628
0.12612	0.759669	-0.785272	0	-2.18143	1e-06	1.39626
0.12712	0.77181	-0.785274	0	-2.18142	1e-06	1.39624
0.12812	0.783799	-0.785276	0	-2.18142	1e-06	1.39622
0.12912	0.795638	-0.785277	0	-2.18141	1e-06	1.3962
0.13012	0.807327	-0.785279	0	-2.18141	1e-06	1.39619
0.13112	0.818869	-0.78528	0	-2.1814	1e-06	1.39617
0.13212	0.830263	-0.785282	0	-2.1814	1e-06	1.39615
0.13312	0.841511	-0.785284	0	-2.1814	1e-06	1.39613
0.13412	0.852615	-0.785285	0	-2.18139	1e-06	1.39611
0.13512	0.863575	-0.785287	0	-2.18139	1e-06	1.3961
0.13612	0.874393	-0.785288	-0	-2.18139	1e-06	1.39608
0.13712	0.885069	-0.78529	-0	-2.18138	1e-06	1.39607
0.13812	0.895606	-0.785291	-0	-2.18138	1e-06	1.39605
0.13912	0.906004	-0.785293	-0	-2.18138	1e-06	1.39603
0.14012	0.916264	-0.785294	-0	-2.18137	1e-06	1.39602
0.14112	0.926388	-0.785296	-0	-2.18137	1e-06	1.396
0.14212	0.936377	-0.785297	-0	-2.18136	1e-06	1.39599
0.14312	0.946233	-0.785298	-0	-2.18136	1e-06	1.39597
0.14412	0.955955	-0.7853	-0	-2.18136	0	1.39596
0.14512	0.965547	-0.785301	-0	-2.18136	0	1.39595
0.14612	0.975008	-0.785303	-0	-2.18135	0	1.39593
0.14712	0.98434	-0.785304	-0	-2.18135	0	1.39592
0.14812	0.993545	-0.785305	-0	-2.18135	0	1.39591
0.14912	1.00262	-0.785307	-0	-2.18135	0	1.3959
0.15012	1.01158	-0.785308	-0	-2.18134	0	1.39588
0.15112	1.02041	-0.785309	-0	-2.18134	0	1.39587
0.15212	1.02912	-0.785311	-0	-2.18134	0	1.39586
0.15312	1.0377	-0.785312	-0	-2.18134	0	1.39585
0.15412	1.04617	-0.785313	-0	-2.18133	0	1.39584
0.15512	1.05452	-0.785314	-0	-2.18133	0	1.39583
0.15612	1.06275	-0.785316	-0	-2.18133	0	1.39582
0.15712	1.07086	-0.785317	-0	-2.18133	0	1.39581
0.15812	1.07886	-0.785318	-0	-2.18133	0	1.3958
0.15912	1.08675	-0.785319	-1e-06	-2.18133	0	1.39579
0.16012	1.09452	-0.785321	-1e-06	-2.18133	0	1.39578
0.16112	1.10218	-0.785322	-1e-06	-2.18132	0	1.39577
0.16212	1.10973	-0.785323	-1e-06	-2.18132	0	1.39576
0.16312	1.11718	-0.785324	-1e-06	-2.18132	0	1.39576
0.16412	1.12452	-0.785325	-1e-06	-2.18132	0	1.39575
0.16512	1.13175	-0.785326	-1e-06	-2.18132	0	1.39574
0.16612	1.13887	-0.785327	-1e-06	-2.18132	0	1.39573
0.16712	1.14589	-0.785328	-1e-06	-2.18132	0	1.39573
0.16812	1.15281	-0.785329	-1e-06	-2.18132	0	1.39572
0.16912	1.15963	-0.785331	-1e-06	-2.18132	-0	1.39571
0.17012	1.16635	-0.785332	-1e-06	-2.18132	-0	1.39571
0.17112	1.17297	-0.785333	-1e-06	-2.18132	-0	1.3957
0.17212	1.17949	-0.785334	-1e-06	-2.18132	-0	1.39569
0.17312	1.18591	-0.785335	-1e-06	-2.18132	-0	1.39569
0.17412	1.19224	-0.785336	-1e-06	-2.18132	-0	1.39569
0.17512	1.19848	-0.785337	-1e-06	-2.18132	-0	1.39568
0.17612	1.20462	-0.785338	-1e-06	-2.18132	-0	1.39568
0.17712	1.21067	-0.785339	-1e-06	-2.18132	-0	1.39567
0.17812	1.21663	-0.785339	-1e-06	-2.18132	-0	1.39567
0.17912	1.2225	-0.78534	-1e-06	-2.18132	-0	1.39566
0.18012	1.22828	-0.785341	-1e-06	-2.18132	-0	1.39566
0.18112	1.23398	-0.785342	-1e-06	-2.18132	-0	1.39566
0.18212	1.23959	-0.785343	-1e-06	-2.18132	-0	1.39565
0.18312	1.24511	-0.785344	-1e-06	-2.18132	-0	1.39565
0.18412	1.25055	-0.785345	-1e-06	-2.18132	-0	1.39565
0.18512	1.25591	-0.785346	-1e-06	-2.18132	-0	1.39565
0.18612	1.26118	-0.785347	-1e-06	-2.18132	-0	1.39565
0.18712	1.26637	-0.785347	-1e-06	-2.18132	-0	1.39564
0.18812	1.27149	-0.785348	-1e-06	-2.18132	-0	1.39564
0.18912	1.27652	-0.785349	-1e-06	-2.18132	-0	1.39564
0.19012	1.28148	-0.78535	-1e-06	-2.18132	-0	1.39564
0.19112	1.28636	-0.785351	-1e-06	-2.18133	-0	1.39564
0.19212	1.29116	-0.785351	-1e-06	-2.18133	-0	1.39564
0.19312	1.2959	-0.785352	-1e-06	-2.18133	-0	1.39564
0.19412	1.30055	-0.785353	-1e-06	-2.18133	-0	1.39563
0.19512	1.30514	-0.785354	-1e-06	-2.18133	-0	1.39563
0.19612	1.30965	-0.785354	-1e-06	-2.18133	-0	1.39563
0.19712	1.31409	-0.785355	-1e-06	-2.18133	-0	1.39563
0.19812	1.31846	-0.785356	-1e-06	-2.18133	-0	1.39563
0.19912	1.32277	-0.785356	-1e-06	-2.18133	-0	1.39563
0.20012	1.327	-0.785357	-1e-06	-2.18134	-0	1.39564
0.20112	1.33117	-0.785358	-1e-06	-2.18134	-0	1.39564
0.20212	1.33528	-0.785359	-1e-06	-2.18134	-0	1.39564
0.20312	1.33932	-0.785359	-1e-06	-2.18134	-0	1.39564
0.20412	1.34329	-0.78536	-1e-06	-2.18134	-0	1.39564
0.20512	1.3472	-0.78536	-1e-06	-2.18134	-1e-06	1.39564
0.20612	1.35105	-0.785361	-1e-06	-2.18135	-1e-06	1.39564
0.20712	1.35484	-0.785362	-1e-06	-2.18135	-1e-06	1.39564
0.20812	1.35856	-0.785362	-1e-06	-2.18135	-1e-06	1.39565
0.20912	1.36223	-0.785363	-1e-06	-2.18135	-1e-06	1.39565
0.21012	1.36584	-0.785364	-1e-06	-2.18135	-1e-06	1.39565
0.21112	1.36939	-0.785364	-1e-06	-2.18135	-1e-06	1.39565
0.21212	1.37288	-0.785365	-1e-06	-2.18136	-1e-06	1.39565
0.21312	1.37632	-0.785365	-1e-06	-2.18136	-1e-06	1.39566
0.21412	1.3797	-0.785366	-1e-06	-2.18136	-1e-06	1.39566
0.21512	1.38302	-0.785366	-1e-06	-2.18136	-1e-06	1.39566
0.21612	1.3863	-0.785367	-1e-06	-2.18136	-1e-06	1.39566
0.21712	1.38952	-0.785367	-1e-06	-2.18137	-1e-06	1.39566
0.21812	1.39268	-0.785368	-1e-06	-2.18137	-1e-06	1.39567
0.21912	1.3958	-0.785369	-1e-06	-2.18137	-1e-06	1.39567
0.22012	1.39886	-0.785369	-1e-06	-2.18137	-1e-06	1.39567
0.22112	1.40188	-0.78537	-1e-06	-2.18138	-1e-06	1.39568
0.22212	1.40484	-0.78537	-1e-06	-2.18138	-1e-06	1.39568
0.22312	1.40776	-0.78537	-1e-06	-2.18138	-1e-06	1.39568
0.22412	1.41063	-0.785371	-1e-06	-2.18138	-1e-06	1.39569
0.22512	1.41345	-0.785371	-1e-06	-2.18138	-1e-06	1.39569
0.22612	1.41622	-0.785372	-1e-06	-2.18139	-1e-06	1.39569
0.22712	1.41895	-0.785372	-1e-06	-2.18139	-1e-06	1.39569
0.22812	1.42163	-0.785373	-1e-06	-2.18139	-1e-06	1.3957
0.22912	1.42427	-0.785373	-1e-06	-2.18139	-1e-06	1.3957
0.23012	1.42687	-0.785374	-1e-06	-2.1814	-1e-06	1.3957
0.23112	1.42942	-0.785374	-1e-06	-2.1814	-1e-06	1.39571
0.23212	1.43193	-0.785375	-1e-06	-2.1814	-1e-06	1.39571
0.23312	1.4344	-0.785375	-1e-06	-2.1814	-1e-06	1.39572
0.23412	1.43682	-0.785375	-1e-06	-2.1814	-1e-06	1.39572
0.23512	1.43921	-0.785376	-1e-06	-2.18141	-1e-06	1.39572
0.23612	1.44156	-0.785376	-1e-06	-2.18141	-1e-06	1.39573
0.23712	1.44386	-0.785377	-1e-06	-2.18141	-1e-06	1.39573
0.23812	1.44613	-0.785377	-1e-06	-2.18141	-1e-06	1.39574
0.23912	1.44836	-0.785377	-1e-06	-2.18141	-1e-06	1.39574
0.24012	1.45055	-0.785378	-1e-06	-2.18142	-1e-06	1.39574
0.24112	1.45271	-0.785378	-1e-06	-2.18142	-1e-06	1.39575
0.24212	1.45483	-0.785378	-1e-06	-2.18142	-1e-06	1.39575
0.24312	1.45691	-0.785379	-1e-06	-2.18142	-1e-06	1.39576
0.24412	1.45896	-0.785379	-1e-06	-2.18143	-1e-06	1.39576
0.24512	1.45896	-0.785379	-1e-06	-2.18143	-1e-06	1.39576
0.24612	1.46295	-0.78538	-1e-06	-2.18143	-1e-06	1.39577
0.24712	1.4649	-0.78538	-1e-06	-2.18143	-1e-06	1.39577
0.24812	1.46681	-0.78538	-1e-06	-2.18144	-1e-06	1.39578
0.24912	1.46869	-0.785381	-1e-06	-2.18144	-1e-06	1.39578
0.25012	1.47053	-0.785381	-1e-06	-2.18144	-1e-06	1.39579
0.25112	1.47235	-0.785381	-1e-06	-2.18144	-1e-06	1.39579
0.25212	1.47413	-0.785382	-1e-06	-2.18145	-1e-06	1.39579
0.25312	1.47589	-0.785382	-1e-06	-2.18145	-1e-06	1.3958
0.25412	1.47761	-0.785382	-1e-06	-2.18145	-1e-06	1.3958
0.25512	1.47931	-0.785382	-1e-06	-2.18145	-1e-06	1.39581
0.25612	1.48097	-0.785383	-1e-06	-2.18145	-0	1.39581
0.25712	1.48261	-0.785383	-1e-06	-2.18146	-0	1.39581
0.25812	1.48422	-0.785383	-1e-06	-2.18146	-0	1.39582
0.25912	1.4858	-0.785384	-1e-06	-2.18146	-0	1.39582
0.26012	1.48735	-0.785384	-1e-06	-2.18146	-0	1.39583
0.26112	1.48887	-0.785384	-1e-06	-2.18146	-0	1.39583
0.26212	1.49038	-0.785384	-1e-06	-2.18147	-0	1.39584
0.26312	1.49185	-0.785385	-1e-06	-2.18147	-0	1.39584
0.26412	1.4933	-0.785385	-1e-06	-2.18147	-0	1.39584
0.26512	1.49472	-0.785385	-1e-06	-2.18147	-0	1.39585
0.26612	1.49612	-0.785385	-1e-06	-2.18147	-0	1.39585
0.26712	1.49749	-0.785386	-1e-06	-2.18148	-0	1.39586
0.26812	1.49884	-0.785386	-1e-06	-2.18148	-0	1.39586
0.26912	1.50017	-0.785386	-1e-06	-2.18148	-0	1.39586
0.27012	1.50147	-0.785386	-1e-06	-2.18148	-0	1.39587
0.27112	1.50275	-0.785386	-1e-06	-2.18148	-0	1.39587
0.27212	1.50401	-0.785387	-1e-06	-2.18149	-0	1.39588
0.27312	1.50524	-0.785387	-1e-06	-2.18149	-0	1.39588
0.27412	1.50646	-0.785387	-1e-06	-2.18149	-0	1.39589
0.27512	1.50765	-0.785387	-1e-06	-2.18149	-0	1.39589
0.27612	1.50882	-0.785388	-1e-06	-2.18149	-0	1.39589
0.27712	1.50997	-0.785388	-1e-06	-2.1815	-0	1.3959
0.27812	1.5111	-0.785388	-1e-06	-2.1815	-0	1.3959
0.27912	1.51221	-0.785388	-1e-06	-2.1815	-0	1.39591
0.28012	1.5133	-0.785388	-1e-06	-2.1815	-0	1.39591
0.28112	1.51438	-0.785388	-1e-06	-2.18151	-0	1.39591
0.28212	1.51543	-0.785389	-1e-06	-2.18151	-0	1.39592
0.28312	1.51646	-0.785389	-1e-06	-2.18151	-0	1.39592
0.28412	1.51748	-0.785389	-1e-06	-2.18151	-0	1.39593
0.28512	1.51848	-0.785389	-0	-2.18151	-0	1.39593
0.28612	1.51946	-0.785389	-0	-2.18152	-0	1.39593
0.28712	1.52042	-0.785389	-0	-2.18152	-0	1.39594
0.28812	1.52136	-0.78539	-0	-2.18152	-0	1.39594
0.28912	1.52229	-0.78539	-0	-2.18152	-0	1.39594
0.29012	1.5232	-0.78539	-0	-2.18152	-0	1.39595
0.29112	1.5241	-0.78539	-0	-2.18152	-0	1.39595
0.29212	1.52498	-0.78539	-0	-2.18153	-0	1.39596
0.29312	1.52584	-0.78539	-0	-2.18153	-0	1.39596
0.29412	1.52669	-0.785391	-0	-2.18153	-0	1.39596
0.29512	1.52752	-0.785391	-0	-2.18153	-0	1.39597
0.29612	1.52834	-0.785391	-0	-2.18153	-0	1.39597
0.29712	1.52914	-0.785391	-0	-2.18153	-0	1.39597
0.29812	1.52993	-0.785391	-0	-2.18154	-0	1.39598
0.29912	1.5307	-0.785391	-0	-2.18154	-0	1.39598
0.30012	1.53146	-0.785391	-0	-2.18154	-0	1.39599
0.30112	1.53221	-0.785392	-0	-2.18154	-0	1.39599
0.30212	1.53294	-0.785392	-0	-2.18154	-0	1.39599
0.30312	1.53366	-0.785392	-0	-2.18154	-0	1.396
0.30412	1.53437	-0.785392	-0	-2.18154	-0	1.396
0.30512	1.53506	-0.785392	-0	-2.18155	-0	1.396
0.30612	1.53574	-0.785392	-0	-2.18155	-0	1.39601
0.30712	1.53641	-0.785392	-0	-2.18155	-0	1.39601
0.30812	1.53707	-0.785392	-0	-2.18155	-0	1.39601
0.30912	1.53771	-0.785392	-0	-2.18155	-0	1.39602
0.31012	1.53835	-0.785393	-0	-2.18155	-0	1.39602
0.31112	1.53897	-0.785393	-0	-2.18156	-0	1.39602
0.31212	1.53958	-0.785393	-0	-2.18156	-0	1.39603
0.31312	1.54018	-0.785393	-0	-2.18156	-0	1.39603
0.31412	1.54076	-0.785393	-0	-2.18156	-0	1.39603
0.31512	1.54134	-0.785393	-0	-2.18156	-0	1.39603
0.31612	1.54191	-0.785393	-0	-2.18156	-0	1.39604
0.31712	1.54246	-0.785393	-0	-2.18156	-0	1.39604
0.31812	1.54301	-0.785393	-0	-2.18157	-0	1.39604
0.31912	1.54354	-0.785393	-0	-2.18157	-0	1.39605
0.32012	1.54407	-0.785394	-0	-2.18157	-0	1.39605
0.32112	1.54458	-0.785394	-0	-2.18157	-0	1.39605
0.32212	1.54509	-0.785394	-0	-2.18157	-0	1.39606
0.32312	1.54559	-0.785394	-0	-2.18157	-0	1.39606
0.32412	1.54608	-0.785394	-0	-2.18157	-0	1.39606
0.32512	1.54655	-0.785394	-0	-2.18158	-0	1.39606
0.32612	1.54702	-0.785394	-0	-2.18158	-0	1.39607
0.32712	1.54748	-0.785394	-0	-2.18158	-0	1.39607
0.32812	1.54794	-0.785394	-0	-2.18158	-0	1.39607
0.32912	1.54838	-0.785394	-0	-2.18158	-0	1.39607
0.33012	1.54882	-0.785394	-0	-2.18158	-0	1.39608
0.33112	1.54925	-0.785394	-0	-2.18158	-0	1.39608
0.33212	1.54967	-0.785395	-0	-2.18158	-0	1.39608
0.33312	1.55008	-0.785395	-0	-2.18158	-0	1.39609
0.33412	1.55048	-0.785395	-0	-2.18159	-0	1.39609
0.33512	1.55088	-0.785395	-0	-2.18159	-0	1.39609
0.33612	1.55127	-0.785395	-0	-2.18159	-0	1.39609
0.33712	1.55165	-0.785395	-0	-2.18159	-0	1.3961
0.33812	1.55202	-0.785395	-0	-2.18159	-0	1.3961
0.33912	1.55239	-0.785395	-0	-2.18159	-0	1.3961
0.34012	1.55275	-0.785395	-0	-2.18159	-0	1.3961
0.34112	1.55311	-0.785395	-0	-2.18159	-0	1.3961
0.34212	1.55346	-0.785395	-0	-2.18159	-0	1.39611
0.34312	1.5538	-0.785395	-0	-2.1816	-0	1.39611
0.34412	1.55413	-0.785395	-0	-2.1816	-0	1.39611
0.34512	1.55413	-0.785395	-0	-2.1816	-0	1.39611
0.34612	1.55478	-0.785395	-0	-2.1816	-0	1.39612
0.34712	1.5551	-0.785395	-0	-2.1816	-0	1.39612
0.34812	1.55541	-0.785396	-0	-2.1816	-0	1.39612
0.34912	1.55571	-0.785396	-0	-2.1816	-0	1.39612
0.35012	1.55601	-0.785396	-0	-2.1816	-0	1.39612
0.35112	1.5563	-0.785396	-0	-2.1816	-0	1.39613
0.35212	1.55659	-0.785396	-0	-2.1816	-0	1.39613
0.35312	1.55687	-0.785396	-0	-2.1816	-0	1.39613
0.35412	1.55715	-0.785396	-0	-2.1816	-0	1.39613
0.35512	1.55742	-0.785396	-0	-2.18161	-0	1.39613
0.35612	1.55768	-0.785396	-0	-2.18161	-0	1.39614
0.35712	1.55794	-0.785396	-0	-2.18161	-0	1.39614
0.35812	1.5582	-0.785396	-0	-2.18161	-0	1.39614
0.35912	1.55845	-0.785396	-0	-2.18161	-0	1.39614
0.36012	1.55869	-0.785396	-0	-2.18161	-0	1.39614
0.36112	1.55894	-0.785396	-0	-2.18161	-0	1.39615
0.36212	1.55917	-0.785396	-0	-2.18161	-0	1.39615
0.36312	1.55941	-0.785396	-0	-2.18161	-0	1.39615
0.36412	1.55963	-0.785396	-0	-2.18161	-0	1.39615
0.36512	1.55986	-0.785396	-0	-2.18161	-0	1.39615
0.36612	1.56008	-0.785396	-0	-2.18161	-0	1.39615
0.36712	1.56029	-0.785396	-0	-2.18162	-0	1.39616
0.36812	1.5605	-0.785396	-0	-2.18162	-0	1.39616
0.36912	1.56071	-0.785396	-0	-2.18162	-0	1.39616
0.37012	1.56091	-0.785396	-0	-2.18162	-0	1.39616
0.37112	1.56111	-0.785396	-0	-2.18162	-0	1.39616
0.37212	1.5613	-0.785397	-0	-2.18162	-0	1.39616
0.37312	1.5615	-0.785397	-0	-2.18162	-0	1.39617
0.37412	1.56168	-0.785397	-0	-2.18162	-0	1.39617
0.37512	1.56187	-0.785397	-0	-2.18162	-0	1.39617
0.37612	1.56205	-0.785397	-0	-2.18162	-0	1.39617
0.37712	1.56222	-0.785397	-0	-2.18162	-0	1.39617
0.37812	1.5624	-0.785397	-0	-2.18162	-0	1.39617
0.37912	1.56257	-0.785397	-0	-2.18162	-0	1.39617
0.38012	1.56273	-0.785397	-0	-2.18162	-0	1.39618
0.38112	1.5629	-0.785397	-0	-2.18162	-0	1.39618
0.38212	1.56306	-0.785397	-0	-2.18163	-0	1.39618
0.38312	1.56322	-0.785397	-0	-2.18163	-0	1.39618
0.38412	1.56337	-0.785397	-0	-2.18163	-0	1.39618
0.38512	1.56352	-0.785397	-0	-2.18163	-0	1.39618
0.38612	1.56367	-0.785397	-0	-2.18163	-0	1.39618
0.38712	1.56381	-0.785397	-0	-2.18163	-0	1.39619
0.38812	1.56396	-0.785397	-0	-2.18163	-0	1.39619
0.38912	1.5641	-0.785397	-0	-2.18163	-0	1.39619
0.39012	1.56423	-0.785397	-0	-2.18163	-0	1.39619
0.39112	1.56437	-0.785397	-0	-2.18163	-0	1.39619
0.39212	1.5645	-0.785397	-0	-2.18163	-0	1.39619
0.39312	1.56463	-0.785397	-0	-2.18163	-0	1.39619
0.39412	1.56475	-0.785397	-0	-2.18163	-0	1.39619
0.39512	1.56488	-0.785397	-0	-2.18163	-0	1.3962
0.39612	1.565	-0.785397	-0	-2.18163	-0	1.3962
0.39712	1.56512	-0.785397	-0	-2.18163	-0	1.3962
0.39812	1.56523	-0.785397	-0	-2.18163	-0	1.3962
0.39912	1.56535	-0.785397	-0	-2.18163	-0	1.3962
0.40012	1.56546	-0.785397	-0	-2.18163	-0	1.3962
0.40112	1.56557	-0.785397	-0	-2.18163	-0	1.3962
0.40212	1.56568	-0.785397	-0	-2.18164	-0	1.3962
0.40312	1.56578	-0.785397	-0	-2.18164	-0	1.3962
0.40412	1.56589	-0.785397	-0	-2.18164	-0	1.3962
0.40512	1.56599	-0.785397	-0	-2.18164	-0	1.3962
0.40612	1.56609	-0.785397	-0	-2.18164	-0	1.39621
0.40712	1.56619	-0.785397	-0	-2.18164	-0	1.39621
0.40812	1.56628	-0.785397	-0	-2.18164	-0	1.39621
0.40912	1.56638	-0.785397	-0	-2.18164	-0	1.39621
0.41012	1.56647	-0.785397	-0	-2.18164	-0	1.39621
0.41112	1.56656	-0.785397	-0	-2.18164	-0	1.39621
0.41212	1.56665	-0.785397	-0	-2.18164	-0	1.39621
0.41312	1.56673	-0.785397	-0	-2.18164	-0	1.39621
0.41412	1.56682	-0.785397	-0	-2.18164	-0	1.39621
0.41512	1.5669	-0.785398	-0	-2.18164	-0	1.39621
0.41612	1.56698	-0.785398	-0	-2.18164	-0	1.39621
0.41712	1.56706	-0.785398	-0	-2.18164	-0	1.39622
0.41812	1.56714	-0.785398	-0	-2.18164	-0	1.39622
0.41912	1.56722	-0.785398	-0	-2.18164	-0	1.39622
0.42012	1.56729	-0.785398	-0	-2.18164	-0	1.39622
0.42112	1.56736	-0.785398	-0	-2.18164	-0	1.39622
0.42212	1.56744	-0.785398	-0	-2.18164	-0	1.39622
0.42312	1.56751	-0.785398	-0	-2.18164	-0	1.39622
0.42412	1.56758	-0.785398	-0	-2.18164	-0	1.39622
0.42512	1.56764	-0.785398	-0	-2.18164	-0	1.39622
0.42612	1.56771	-0.785398	-0	-2.18164	-0	1.39622
0.42712	1.56777	-0.785398	-0	-2.18165	-0	1.39622
0.42812	1.56784	-0.785398	-0	-2.18165	-0	1.39622
0.42912	1.5679	-0.785398	-0	-2.18165	-0	1.39623
0.43012	1.56796	-0.785398	-0	-2.18165	-0	1.39623
0.43112	1.56802	-0.785398	-0	-2.18165	-0	1.39623
0.43212	1.56808	-0.785398	-0	-2.18165	-0	1.39623
0.43312	1.56814	-0.785398	-0	-2.18165	-0	1.39623
0.43412	1.5682	-0.785398	-0	-2.18165	-0	1.39623
0.43512	1.56825	-0.785398	-0	-2.18165	-0	1.39623
0.43612	1.5683	-0.785398	-0	-2.18165	-0	1.39623
0.43712	1.56836	-0.785398	-0	-2.18165	-0	1.39623
0.43812	1.56841	-0.785398	-0	-2.18165	-0	1.39623
0.43912	1.56846	-0.785398	-0	-2.18165	-0	1.39623
0.44012	1.56851	-0.785398	-0	-2.18165	-0	1.39623
0.44112	1.56856	-0.785398	-0	-2.18165	-0	1.39623
0.44212	1.56861	-0.785398	-0	-2.18165	-0	1.39623
0.44312	1.56865	-0.785398	-0	-2.18165	-0	1.39623
0.44412	1.5687	-0.785398	-0	-2.18165	-0	1.39623
0.44512	1.56874	-0.785398	-0	-2.18165	-0	1.39623
0.44612	1.56879	-0.785398	-0	-2.18165	-0	1.39623
0.44712	1.56883	-0.785398	-0	-2.18165	-0	1.39623
0.44812	1.56887	-0.785398	-0	-2.18165	-0	1.39623
0.44912	1.56891	-0.785398	-0	-2.18165	-0	1.39624
0.45012	1.56896	-0.785398	-0	-2.18165	-0	1.39624
0.45112	1.56899	-0.785398	-0	-2.18165	-0	1.39624
0.45212	1.56903	-0.785398	-0	-2.18165	-0	1.39624
0.45312	1.56907	-0.785398	-0	-2.18165	-0	1.39624
0.45412	1.56911	-0.785398	-0	-2.18165	-0	1.39624
0.45512	1.56915	-0.785398	-0	-2.18165	-0	1.39624
0.45612	1.56918	-0.785398	-0	-2.18165	-0	1.39624
0.45712	1.56922	-0.785398	-0	-2.18165	-0	1.39624
0.45812	1.56925	-0.785398	-0	-2.18165	-0	1.39624
0.45912	1.56928	-0.785398	-0	-2.18165	-0	1.39624
0.46012	1.56932	-0.785398	-0	-2.18165	-0	1.39624
0.46112	1.56935	-0.785398	-0	-2.18165	-0	1.39624
0.46212	1.56938	-0.785398	-0	-2.18165	-0	1.39624
0.46312	1.56941	-0.785398	-0	-2.18165	-0	1.39624
0.46412	1.56944	-0.785398	-0	-2.18165	-0	1.39624
0.46512	1.56947	-0.785398	-0	-2.18165	-0	1.39624
0.46612	1.5695	-0.785398	-0	-2.18165	-0	1.39624
0.46712	1.56953	-0.785398	-0	-2.18165	-0	1.39624
0.46812	1.56956	-0.785398	-0	-2.18165	-0	1.39624
0.46912	1.56958	-0.785398	-0	-2.18165	-0	1.39624
0.47012	1.56961	-0.785398	-0	-2.18165	-0	1.39624
0.47112	1.56963	-0.785398	-0	-2.18165	-0	1.39624
0.47212	1.56966	-0.785398	-0	-2.18165	-0	1.39624
0.47312	1.56969	-0.785398	-0	-2.18165	-0	1.39625
0.47412	1.56971	-0.785398	-0	-2.18165	-0	1.39625
0.47512	1.56973	-0.785398	-0	-2.18165	-0	1.39625
0.47612	1.56976	-0.785398	-0	-2.18166	-0	1.39625
0.47712	1.56978	-0.785398	-0	-2.18166	-0	1.39625
0.47812	1.5698	-0.785398	-0	-2.18166	-0	1.39625
0.47912	1.56983	-0.785398	-0	-2.18166	-0	1.39625
0.48012	1.56985	-0.785398	-0	-2.18166	-0	1.39625
0.48112	1.56987	-0.785398	-0	-2.18166	-0	1.39625
0.48212	1.56989	-0.785398	-0	-2.18166	-0	1.39625
0.48312	1.56991	-0.785398	-0	-2.18166	-0	1.39625
0.48412	1.56993	-0.785398	-0	-2.18166	-0	1.39625
0.48512	1.56995	-0.785398	-0	-2.18166	-0	1.39625
0.48612	1.56997	-0.785398	-0	-2.18166	-0	1.39625
0.48712	1.56998	-0.785398	-0	-2.18166	-0	1.39625
0.48812	1.57	-0.785398	-0	-2.18166	-0	1.39625
0.48912	1.57002	-0.785398	-0	-2.18166	-0	1.39625
0.49012	1.57004	-0.785398	-0	-2.18166	-0	1.39625
0.49112	1.57005	-0.785398	-0	-2.18166	-0	1.39625
0.49212	1.57007	-0.785398	-0	-2.18166	-0	1.39625
0.49312	1.57009	-0.785398	-0	-2.18166	-0	1.39625
0.49412	1.5701	-0.785398	-0	-2.18166	-0	1.39625
0.49512	1.57012	-0.785398	-0	-2.18166	-0	1.39625
0.49612	1.57014	-0.785398	-0	-2.18166	-0	1.39625
0.49712	1.57015	-0.785398	-0	-2.18166	-0	1.39625
0.49812	1.57016	-0.785398	-0	-2.18166	-0	1.39625
0.49912	1.57018	-0.785398	-0	-2.18166	-0	1.39625
0.50012	1.57019	-0.785398	-0	-2.18166	-0	1.39625
0.50112	1.57021	-0.785398	-0	-2.18166	-0	1.39625
0.50212	1.57022	-0.785398	-0	-2.18166	-0	1.39625
0.50312	1.57023	-0.785398	-0	-2.18166	-0	1.39625
0.50412	1.57024	-0.785398	-0	-2.18166	-0	1.39625
0.50512	1.57026	-0.785398	-0	-2.18166	-0	1.39625
0.50612	1.57027	-0.785398	-0	-2.18166	-0	1.39625
0.50712	1.57028	-0.785398	-0	-2.18166	-0	1.39625
0.50812	1.57029	-0.785398	-0	-2.18166	-0	1.39625
0.50912	1.57031	-0.785398	-0	-2.18166	-0	1.39625
0.51012	1.57032	-0.785398	-0	-2.18166	-0	1.39625
0.51112	1.57033	-0.785398	-0	-2.18166	-0	1.39626
0.51212	1.57034	-0.785398	-0	-2.18166	-0	1.39626
0.51312	1.57035	-0.785398	-0	-2.18166	-0	1.39626
0.51412	1.57036	-0.785398	-0	-2.18166	-0	1.39626
0.51512	1.57037	-0.785398	-0	-2.18166	-0	1.39626
0.51612	1.57038	-0.785398	-0	-2.18166	-0	1.39626
0.51712	1.57039	-0.785398	-0	-2.18166	-0	1.39626
0.51812	1.5704	-0.785398	-0	-2.18166	-0	1.39626
0.51912	1.57041	-0.785398	-0	-2.18166	-0	1.39626
0.52012	1.57042	-0.785398	-0	-2.18166	-0	1.39626
0.52112	1.57042	-0.785398	-0	-2.18166	-0	1.39626
0.52212	1.57043	-0.785398	-0	-2.18166	-0	1.39626
0.52312	1.57044	-0.785398	-0	-2.18166	-0	1.39626
0.52412	1.57045	-0.785398	-0	-2.18166	-0	1.39626
0.52512	1.57046	-0.785398	-0	-2.18166	-0	1.39626
0.52612	1.57047	-0.785398	-0	-2.18166	-0	1.39626
0.52712	1.57047	-0.785398	-0	-2.18166	-0	1.39626
0.52812	1.57048	-0.785398	-0	-2.18166	-0	1.39626
0.52912	1.57049	-0.785398	-0	-2.18166	-0	1.39626
0.53012	1.5705	-0.785398	-0	-2.18166	-0	1.39626
0.53112	1.5705	-0.785398	-0	-2.18166	-0	1.39626
0.53212	1.57051	-0.785398	-0	-2.18166	-0	1.39626
0.53312	1.57052	-0.785398	-0	-2.18166	-0	1.39626
0.53412	1.57052	-0.785398	-0	-2.18166	-0	1.39626
0.53512	1.57053	-0.785398	-0	-2.18166	-0	1.39626
0.53612	1.57054	-0.785398	-0	-2.18166	-0	1.39626
0.53712	1.57054	-0.785398	-0	-2.18166	-0	1.39626
0.53812	1.57055	-0.785398	-0	-2.18166	-0	1.39626
0.53912	1.57055	-0.785398	-0	-2.18166	-0	1.39626
0.54012	1.57056	-0.785398	-0	-2.18166	-0	1.39626
0.54112	1.57057	-0.785398	-0	-2.18166	-0	1.39626
0.54212	1.57057	-0.785398	-0	-2.18166	-0	1.39626
0.54312	1.57058	-0.785398	-0	-2.18166	-0	1.39626
0.54412	1.57058	-0.785398	-0	-2.18166	-0	1.39626
0.54512	1.57059	-0.785398	-0	-2.18166	-0	1.39626
0.54612	1.57059	-0.785398	-0	-2.18166	-0	1.39626
0.54712	1.5706	-0.785398	-0	-2.18166	-0	1.39626
0.54812	1.5706	-0.785398	-0	-2.18166	-0	1.39626
0.54912	1.57061	-0.785398	-0	-2.18166	-0	1.39626
0.55012	1.57061	-0.785398	-0	-2.18166	-0	1.39626
0.55112	1.57062	-0.785398	-0	-2.18166	-0	1.39626
0.55212	1.57062	-0.785398	-0	-2.18166	-0	1.39626
0.55312	1.57062	-0.785398	-0	-2.18166	-0	1.39626
0.55412	1.57063	-0.785398	-0	-2.18166	-0	1.39626
0.55512	1.57063	-0.785398	-0	-2.18166	-0	1.39626
0.55612	1.57064	-0.785398	-0	-2.18166	-0	1.39626
0.55712	1.57064	-0.785398	-0	-2.18166	-0	1.39626
0.55812	1.57064	-0.785398	-0	-2.18166	-0	1.39626
0.55912	1.57065	-0.785398	-0	-2.18166	-0	1.39626
0.56012	1.57065	-0.785398	-0	-2.18166	-0	1.39626
0.56112	1.57065	-0.785398	-0	-2.18166	-0	1.39626
0.56212	1.57066	-0.785398	-0	-2.18166	-0	1.39626
0.56312	1.57066	-0.785398	-0	-2.18166	-0	1.39626
0.56412	1.57066	-0.785398	-0	-2.18166	-0	1.39626
0.56512	1.57067	-0.785398	-0	-2.18166	-0	1.39626
0.56612	1.57067	-0.785398	-0	-2.18166	-0	1.39626
0.56712	1.57068	-0.785398	-0	-2.18166	-0	1.39626
0.56812	1.57068	-0.785398	-0	-2.18166	-0	1.39626
0.56912	1.57068	-0.785398	-0	-2.18166	-0	1.39626
0.57012	1.57068	-0.785398	-0	-2.18166	-0	1.39626
0.57112	1.57069	-0.785398	-0	-2.18166	-0	1.39626
0.57212	1.57069	-0.785398	-0	-2.18166	-0	1.39626
0.57312	1.57069	-0.785398	-0	-2.18166	-0	1.39626
0.57412	1.57069	-0.785398	-0	-2.18166	-0	1.39626
0.57512	1.5707	-0.785398	-0	-2.18166	-0	1.39626
0.57612	1.5707	-0.785398	-0	-2.18166	-0	1.39626
0.57712	1.5707	-0.785398	-0	-2.18166	-0	1.39626
0.57812	1.57071	-0.785398	-0	-2.18166	-0	1.39626
0.57912	1.57071	-0.785398	-0	-2.18166	-0	1.39626
0.58012	1.57071	-0.785398	-0	-2.18166	-0	1.39626
0.58112	1.57071	-0.785398	-0	-2.18166	-0	1.39626
0.58212	1.57071	-0.785398	-0	-2.18166	-0	1.39626
0.58312	1.57072	-0.785398	-0	-2.18166	-0	1.39626
0.58412	1.57072	-0.785398	-0	-2.18166	-0	1.39626
0.58512	1.57072	-0.785398	-0	-2.18166	-0	1.39626
0.58612	1.57072	-0.785398	-0	-2.18166	-0	1.39626
0.58712	1.57072	-0.785398	-0	-2.18166	-0	1.39626
0.58812	1.57073	-0.785398	-0	-2.18166	-0	1.39626
0.58912	1.57073	-0.785398	-0	-2.18166	-0	1.39626
0.59012	1.57073	-0.785398	-0	-2.18166	-0	1.39626
0.59112	1.57073	-0.785398	-0	-2.18166	-0	1.39626
0.59212	1.57073	-0.785398	-0	-2.18166	-0	1.39626
0.59312	1.57073	-0.785398	-0	-2.18166	-0	1.39626
0.59412	1.57074	-0.785398	-0	-2.18166	-0	1.39626
0.59512	1.57074	-0.785398	-0	-2.18166	-0	1.39626
0.59612	1.57074	-0.785398	-0	-2.18166	-0	1.39626
0.59712	1.57074	-0.785398	-0	-2.18166	-0	1.39626
0.59812	1.57074	-0.785398	-0	-2.18166	-0	1.39626
0.59912	1.57074	-0.785398	-0	-2.18166	-0	1.39626
0.60012	1.57075	-0.785398	-0	-2.18166	-0	1.39626
0.60112	1.57075	-0.785398	-0	-2.18166	-0	1.39626
0.60212	1.57075	-0.785398	-0	-2.18166	-0	1.39626
0.60312	1.57075	-0.785398	-0	-2.18166	-0	1.39626
0.60412	1.57075	-0.785398	-0	-2.18166	-0	1.39626
0.60512	1.57075	-0.785398	-0	-2.18166	-0	1.39626
0.60612	1.57075	-0.785398	-0	-2.18166	-0	1.39626
0.60712	1.57075	-0.785398	-0	-2.18166	-0	1.39626
0.60812	1.57075	-0.785398	-0	-2.18166	-0	1.39626
0.60912	1.57076	-0.785398	-0	-2.18166	-0	1.39626
0.61012	1.57076	-0.785398	-0	-2.18166	-0	1.39626
0.61112	1.57076	-0.785398	-0	-2.18166	-0	1.39626
0.61212	1.57076	-0.785398	-0	-2.18166	-0	1.39626
0.61312	1.57076	-0.785398	-0	-2.18166	-0	1.39626
0.61412	1.57076	-0.785398	-0	-2.18166	-0	1.39626
0.61512	1.57076	-0.785398	-0	-2.18166	-0	1.39626
0.61612	1.57076	-0.785398	-0	-2.18166	-0	1.39626
0.61712	1.57076	-0.785398	-0	-2.18166	-0	1.39626
0.61812	1.57076	-0.785398	-0	-2.18166	-0	1.39626
0.61912	1.57077	-0.785398	-0	-2.18166	-0	1.39626
0.62012	1.57077	-0.785398	-0	-2.18166	-0	1.39626
0.62112	1.57077	-0.785398	-0	-2.18166	-0	1.39626
0.62212	1.57077	-0.785398	-0	-2.18166	-0	1.39626
0.62312	1.57077	-0.785398	-0	-2.18166	-0	1.39626
0.62412	1.57077	-0.785398	-0	-2.18166	-0	1.39626
0.62512	1.57077	-0.785398	-0	-2.18166	-0	1.39626
0.62612	1.57077	-0.785398	-0	-2.18166	-0	1.39626
0.62712	1.57077	-0.785398	-0	-2.18166	-0	1.39626
0.62812	1.57077	-0.785398	-0	-2.18166	-0	1.39626
0.62912	1.57077	-0.785398	-0	-2.18166	-0	1.39626
0.63012	1.57077	-0.785398	-0	-2.18166	-0	1.39626
0.63112	1.57078	-0.785398	-0	-2.18166	-0	1.39626
0.63212	1.57078	-0.785398	-0	-2.18166	-0	1.39626
0.63312	1.57078	-0.785398	-0	-2.18166	-0	1.39626
0.63412	1.57078	-0.785398	-0	-2.18166	-0	1.39626
0.63512	1.57078	-0.785398	-0	-2.18166	-0	1.39626
0.63612	1.57078	-0.785398	-0	-2.18166	-0	1.39626
0.63712	1.57078	-0.785398	-0	-2.18166	-0	1.39626
0.63812	1.57078	-0.785398	-0	-2.18166	-0	1.39626
0.63912	1.57078	-0.785398	-0	-2.18166	-0	1.39626
0.64012	1.57078	-0.785398	-0	-2.18166	-0	1.39626
0.64112	1.57078	-0.785398	-0	-2.18166	-0	1.39626
0.64212	1.57078	-0.785398	-0	-2.18166	-0	1.39626
0.64312	1.57078	-0.785398	-0	-2.18166	-0	1.39626
0.64412	1.57078	-0.785398	-0	-2.18166	-0	1.39626
0.64512	1.57078	-0.785398	-0	-2.18166	-0	1.39626
0.64612	1.57078	-0.785398	-0	-2.18166	-0	1.39626
0.64712	1.57078	-0.785398	-0	-2.18166	-0	1.39626
0.64812	1.57078	-0.785398	-0	-2.18166	-0	1.39626
0.64912	1.57078	-0.785398	-0	-2.18166	-0	1.39626
0.65012	1.57078	-0.785398	-0	-2.18166	-0	1.39626
0.65112	1.57079	-0.785398	-0	-2.18166	-0	1.39626
0.65212	1.57079	-0.785398	-0	-2.18166	-0	1.39626
0.65312	1.57079	-0.785398	-0	-2.18166	-0	1.39626
0.65412	1.57079	-0.785398	-0	-2.18166	-0	1.39626
0.65512	1.57079	-0.785398	-0	-2.18166	-0	1.39626
0.65612	1.57079	-0.785398	-0	-2.18166	-0	1.39626
0.65712	1.57079	-0.785398	-0	-2.18166	-0	1.39626
0.65812	1.57079	-0.785398	-0	-2.18166	-0	1.39626
0.65912	1.57079	-0.785398	-0	-2.18166	-0	1.39626
0.66012	1.57079	-0.785398	-0	-2.18166	-0	1.39626
0.66112	1.57079	-0.785398	-0	-2.18166	-0	1.39626
0.66212	1.57079	-0.785398	-0	-2.18166	-0	1.39626
0.66312	1.57079	-0.785398	-0	-2.18166	-0	1.39626
0.66412	1.57079	-0.785398	-0	-2.18166	-0	1.39626
0.66512	1.57079	-0.785398	-0	-2.18166	-0	1.39626
0.66612	1.57079	-0.785398	-0	-2.18166	-0	1.39626
0.66712	1.57079	-0.785398	-0	-2.18166	-0	1.39626
0.66812	1.57079	-0.785398	-0	-2.18166	-0	1.39626
0.66912	1.57079	-0.785398	-0	-2.18166	-0	1.39626
0.67012	1.57079	-0.785398	-0	-2.18166	-0	1.39626
0.67112	1.57079	-0.785398	-0	-2.18166	-0	1.39626
0.67212	1.57079	-0.785398	-0	-2.18166	-0	1.39626
0.67312	1.57079	-0.785398	-0	-2.18166	-0	1.39626
0.67412	1.57079	-0.785398	-0	-2.18166	-0	1.39626
0.67512	1.57079	-0.785398	-0	-2.18166	-0	1.39626
0.67612	1.57079	-0.785398	-0	-2.18166	-0	1.39626
0.67712	1.57079	-0.785398	-0	-2.18166	-0	1.39626
0.67812	1.57079	-0.785398	-0	-2.18166	-0	1.39626
0.67912	1.57079	-0.785398	-0	-2.18166	-0	1.39626
0.68012	1.57079	-0.785398	-0	-2.18166	-0	1.39626
0.68112	1.57079	-0.785398	-0	-2.18166	-0	1.39626
0.68212	1.57079	-0.785398	-0	-2.18166	-0	1.39626
0.68312	1.57079	-0.785398	-0	-2.18166	-0	1.39626
0.68412	1.57079	-0.785398	-0	-2.18166	-0	1.39626
0.68512	1.57079	-0.785398	-0	-2.18166	-0	1.39626
0.68612	1.57079	-0.785398	-0	-2.18166	-0	1.39626
0.68712	1.57079	-0.785398	-0	-2.18166	-0	1.39626
0.68812	1.57079	-0.785398	-0	-2.18166	-0	1.39626
0.68912	1.57079	-0.785398	-0	-2.18166	-0	1.39626
0.69012	1.57079	-0.785398	-0	-2.18166	-0	1.39626
0.69112	1.57079	-0.785398	-0	-2.18166	-0	1.39626
0.69212	1.57079	-0.785398	-0	-2.18166	-0	1.39626
0.69312	1.57079	-0.785398	-0	-2.18166	-0	1.39626
0.69412	1.57079	-0.785398	-0	-2.18166	-0	1.39626
0.69512	1.57079	-0.785398	-0	-2.18166	-0	1.39626
0.69612	1.57079	-0.785398	-0	-2.18166	-0	1.39626
0.69712	1.57079	-0.785398	-0	-2.18166	-0	1.39626
0.69812	1.57079	-0.785398	-0	-2.18166	-0	1.39626
0.69912	1.57079	-0.785398	-0	-2.18166	-0	1.39626
0.70012	1.57079	-0.785398	-0	-2.18166	-0	1.39626
0.70112	1.57079	-0.785398	-0	-2.18166	-0	1.39626
0.70212	1.57079	-0.785398	-0	-2.18166	-0	1.39626
0.70312	1.57079	-0.785398	-0	-2.18166	-0	1.39626
0.70412	1.57079	-0.785398	-0	-2.18166	-0	1.39626
0.70512	1.57079	-0.785398	-0	-2.18166	-0	1.39626
0.70612	1.57079	-0.785398	-0	-2.18166	-0	1.39626
0.70712	1.57079	-0.785398	-0	-2.18166	-0	1.39626
0.70812	1.57079	-0.785398	-0	-2.18166	-0	1.39626
0.70912	1.5708	-0.785398	-0	-2.18166	-0	1.39626
0.71012	1.5708	-0.785398	-0	-2.18166	-0	1.39626
0.71112	1.5708	-0.785398	-0	-2.18166	-0	1.39626
0.71212	1.5708	-0.785398	-0	-2.18166	-0	1.39626
0.71312	1.5708	-0.785398	-0	-2.18166	-0	1.39626
0.71412	1.5708	-0.785398	-0	-2.18166	-0	1.39626
0.71512	1.5708	-0.785398	-0	-2.18166	-0	1.39626
0.71612	1.5708	-0.785398	-0	-2.18166	-0	1.39626
0.71712	1.5708	-0.785398	-0	-2.18166	-0	1.39626
0.71812	1.5708	-0.785398	-0	-2.18166	-0	1.39626
0.71912	1.5708	-0.785398	-0	-2.18166	-0	1.39626
0.72012	1.5708	-0.785398	-0	-2.18166	-0	1.39626
0.72112	1.5708	-0.785398	-0	-2.18166	-0	1.39626
0.72212	1.5708	-0.785398	-0	-2.18166	-0	1.39626
0.72312	1.5708	-0.785398	-0	-2.18166	-0	1.39626
0.72412	1.5708	-0.785398	-0	-2.18166	-0	1.39626
0.72512	1.5708	-0.785398	-0	-2.18166	-0	1.39626
0.72612	1.5708	-0.785398	-0	-2.18166	-0	1.39626
0.72712	1.5708	-0.785398	-0	-2.18166	-0	1.39626
0.72812	1.5708	-0.785398	-0	-2.18166	-0	1.39626
0.72912	1.5708	-0.785398	-0	-2.18166	-0	1.39626
0.73012	1.5708	-0.785398	-0	-2.18166	-0	1.39626
0.73112	1.5708	-0.785398	-0	-2.18166	-0	1.39626
0.73212	1.5708	-0.785398	-0	-2.18166	-0	1.39626
0.73312	1.5708	-0.785398	-0	-2.18166	-0	1.39626
0.73412	1.5708	-0.785398	-0	-2.18166	-0	1.39626
0.73512	1.5708	-0.785398	-0	-2.18166	-0	1.39626
0.73612	1.5708	-0.785398	-0	-2.18166	-0	1.39626
0.73712	1.5708	-0.785398	-0	-2.18166	-0	1.39626
0.73812	1.5708	-0.785398	-0	-2.18166	-0	1.39626
0.73912	1.5708	-0.785398	-0	-2.18166	-0	1.39626
0.74012	1.5708	-0.785398	-0	-2.18166	-0	1.39626
0.74112	1.5708	-0.785398	-0	-2.18166	-0	1.39626
0.74212	1.5708	-0.785398	-0	-2.18166	-0	1.39626
0.74312	1.5708	-0.785398	-0	-2.18166	-0	1.39626
0.74412	1.5708	-0.785398	-0	-2.18166	-0	1.39626
0.74512	1.5708	-0.785398	-0	-2.18166	-0	1.39626
0.74612	1.5708	-0.785398	-0	-2.18166	-0	1.39626
0.74712	1.5708	-0.785398	-0	-2.18166	-0	1.39626
0.74812	1.5708	-0.785398	-0	-2.18166	-0	1.39626
0.74912	1.5708	-0.785398	-0	-2.18166	-0	1.39626
0.75012	1.5708	-0.785398	-0	-2.18166	-0	1.39626
0.75112	1.5708	-0.785398	-0	-2.18166	-0	1.39626
0.75212	1.5708	-0.785398	-0	-2.18166	-0	1.39626
0.75312	1.5708	-0.785398	-0	-2.18166	-0	1.39626
0.75412	1.5708	-0.785398	-0	-2.18166	-0	1.39626
0.75512	1.5708	-0.785398	-0	-2.18166	-0	1.39626
0.75612	1.5708	-0.785398	-0	-2.18166	-0	1.39626
0.75712	1.5708	-0.785398	-0	-2.18166	-0	1.39626
0.75812	1.5708	-0.785398	-0	-2.18166	-0	1.39626
0.75912	1.5708	-0.785398	-0	-2.18166	-0	1.39626
0.76012	1.5708	-0.785398	-0	-2.18166	-0	1.39626
0.76112	1.5708	-0.785398	-0	-2.18166	-0	1.39626
0.76212	1.5708	-0.785398	-0	-2.18166	-0	1.39626
0.76312	1.5708	-0.785398	-0	-2.18166	-0	1.39626
0.76412	1.5708	-0.785398	-0	-2.18166	-0	1.39626
0.76512	1.5708	-0.785398	-0	-2.18166	-0	1.39626
0.76612	1.5708	-0.785398	-0	-2.18166	-0	1.39626
0.76712	1.5708	-0.785398	-0	-2.18166	-0	1.39626
0.76812	1.5708	-0.785398	-0	-2.18166	-0	1.39626
0.76912	1.5708	-0.785398	-0	-2.18166	-0	1.39626
0.77012	1.5708	-0.785398	-0	-2.18166	-0	1.39626
0.77112	1.5708	-0.785398	-0	-2.18166	-0	1.39626
0.77212	1.5708	-0.785398	-0	-2.18166	-0	1.39626
0.77312	1.5708	-0.785398	-0	-2.18166	-0	1.39626
0.77412	1.5708	-0.785398	-0	-2.18166	-0	1.39626
0.77512	1.5708	-0.785398	-0	-2.18166	-0	1.39626
0.77612	1.5708	-0.785398	-0	-2.18166	-0	1.39626
0.77712	1.5708	-0.785398	-0	-2.18166	-0	1.39626
0.77812	1.5708	-0.785398	-0	-2.18166	-0	1.39626
0.77912	1.5708	-0.785398	-0	-2.18166	-0	1.39626
0.78012	1.5708	-0.785398	-0	-2.18166	-0	1.39626
0.78112	1.5708	-0.785398	-0	-2.18166	-0	1.39626
0.78212	1.5708	-0.785398	-0	-2.18166	-0	1.39626
0.78312	1.5708	-0.785398	-0	-2.18166	-0	1.39626
0.78412	1.5708	-0.785398	-0	-2.18166	-0	1.39626
0.78512	1.5708	-0.785398	-0	-2.18166	-0	1.39626
0.78612	1.5708	-0.785398	-0	-2.18166	-0	1.39626
0.78712	1.5708	-0.785398	-0	-2.18166	-0	1.39626
0.78812	1.5708	-0.785398	-0	-2.18166	-0	1.39626
0.78912	1.5708	-0.785398	-0	-2.18166	-0	1.39626
0.79012	1.5708	-0.785398	-0	-2.18166	-0	1.39626
0.79112	1.5708	-0.785398	-0	-2.18166	-0	1.39626
0.79212	1.5708	-0.785398	-0	-2.18166	-0	1.39626
0.79312	1.5708	-0.785398	-0	-2.18166	-0	1.39626
0.79412	1.5708	-0.785398	-0	-2.18166	-0	1.39626
0.79512	1.5708	-0.785398	-0	-2.18166	-0	1.39626
0.79612	1.5708	-0.785398	-0	-2.18166	-0	1.39626
0.79712	1.5708	-0.785398	-0	-2.18166	-0	1.39626
0.79812	1.5708	-0.785398	-0	-2.18166	-0	1.39626
0.79912	1.5708	-0.785398	-0	-2.18166	-0	1.39626
0.80012	1.5708	-0.785398	-0	-2.18166	-0	1.39626
0.80112	1.5708	-0.785398	-0	-2.18166	-0	1.39626
0.80212	1.5708	-0.785398	-0	-2.18166	-0	1.39626
0.80312	1.5708	-0.785398	-0	-2.18166	-0	1.39626
0.80412	1.5708	-0.785398	-0	-2.18166	-0	1.39626
0.80512	1.5708	-0.785398	-0	-2.18166	-0	1.39626
0.80612	1.5708	-0.785398	-0	-2.18166	-0	1.39626
0.80712	1.5708	-0.785398	-0	-2.18166	-0	1.39626
0.80812	1.5708	-0.785398	-0	-2.18166	-0	1.39626
0.80912	1.5708	-0.785398	-0	-2.18166	-0	1.39626
0.81012	1.5708	-0.785398	-0	-2.18166	-0	1.39626
0.81112	1.5708	-0.785398	-0	-2.18166	-0	1.39626
0.81212	1.5708	-0.785398	-0	-2.18166	-0	1.39626
0.81312	1.5708	-0.785398	-0	-2.18166	-0	1.39626
0.81412	1.5708	-0.785398	-0	-2.18166	-0	1.39626
0.81512	1.5708	-0.785398	-0	-2.18166	-0	1.39626
0.81612	1.5708	-0.785398	-0	-2.18166	-0	1.39626
0.81712	1.5708	-0.785398	-0	-2.18166	-0	1.39626
0.81812	1.5708	-0.785398	-0	-2.18166	-0	1.39626
0.81912	1.5708	-0.785398	-0	-2.18166	-0	1.39626
0.82012	1.5708	-0.785398	-0	-2.18166	-0	1.39626
0.82112	1.5708	-0.785398	-0	-2.18166	-0	1.39626
0.82212	1.5708	-0.785398	-0	-2.18166	-0	1.39626
0.82312	1.5708	-0.785399	-0	-2.18166	-0	1.39626
0.82412	1.5708	-0.785399	-0	-2.18166	-0	1.39626
0.82512	1.5708	-0.785399	-0	-2.18166	-0	1.39626
0.82612	1.5708	-0.785399	-0	-2.18166	-0	1.39626
0.82712	1.5708	-0.785399	-0	-2.18166	-0	1.39626
0.82812	1.5708	-0.785399	-0	-2.18166	-0	1.39626
0.82912	1.5708	-0.785399	-0	-2.18166	-0	1.39626
0.83012	1.5708	-0.785399	-0	-2.18166	-0	1.39626
0.83112	1.5708	-0.785399	-0	-2.18166	-0	1.39626
0.83212	1.5708	-0.785398	-0	-2.18166	-0	1.39626
0.83312	1.5708	-0.785398	-0	-2.18166	-0	1.39626
0.83412	1.5708	-0.785398	-0	-2.18166	-0	1.39626
0.83512	1.5708	-0.785398	-0	-2.18166	-0	1.39626
0.83612	1.5708	-0.785398	-0	-2.18166	-0	1.39626
0.83712	1.5708	-0.785398	-0	-2.18166	-0	1.39626
0.83812	1.5708	-0.785398	-0	-2.18166	-0	1.39626
0.83912	1.5708	-0.785398	-0	-2.18166	-0	1.39626
0.84012	1.5708	-0.785398	-0	-2.18166	-0	1.39626
0.84112	1.5708	-0.785398	-0	-2.18166	-0	1.39626
0.84212	1.5708	-0.785398	-0	-2.18166	-0	1.39626
0.84312	1.5708	-0.785398	-0	-2.18166	-0	1.39626
0.84412	1.5708	-0.785398	-0	-2.18166	-0	1.39626
0.84512	1.5708	-0.785398	-0	-2.18166	-0	1.39626
0.84612	1.5708	-0.785398	-0	-2.18166	-0	1.39626
0.84712	1.5708	-0.785398	-0	-2.18166	-0	1.39626
0.84812	1.5708	-0.785398	-0	-2.18166	-0	1.39626
0.84912	1.5708	-0.785398	-0	-2.18166	-0	1.39626
0.85012	1.5708	-0.785398	-0	-2.18166	-0	1.39626
0.85112	1.5708	-0.785398	-0	-2.18166	-0	1.39626
0.85212	1.5708	-0.785398	-0	-2.18166	-0	1.39626
0.85312	1.5708	-0.785398	-0	-2.18166	-0	1.39626
0.85412	1.5708	-0.785398	-0	-2.18166	-0	1.39626
0.85512	1.5708	-0.785398	-0	-2.18166	-0	1.39626
0.85612	1.5708	-0.785398	-0	-2.18166	-0	1.39626
0.85712	1.5708	-0.785398	-0	-2.18166	-0	1.39626
0.85812	1.5708	-0.785398	-0	-2.18166	-0	1.39626
0.85912	1.5708	-0.785398	-0	-2.18166	-0	1.39626
0.86012	1.5708	-0.785398	-0	-2.18166	-0	1.39626
0.86112	1.5708	-0.785398	-0	-2.18166	-0	1.39626
0.86212	1.5708	-0.785398	-0	-2.18166	-0	1.39626
0.86312	1.5708	-0.785398	-0	-2.18166	-0	1.39626
0.86412	1.5708	-0.785398	-0	-2.18166	-0	1.39626
0.86512	1.5708	-0.785398	-0	-2.18166	-0	1.39626
0.86612	1.5708	-0.785398	-0	-2.18166	-0	1.39626
0.86712	1.5708	-0.785398	-0	-2.18166	-0	1.39626
0.86812	1.5708	-0.785398	-0	-2.18166	-0	1.39626
0.86912	1.5708	-0.785399	-0	-2.18166	-0	1.39626
0.87012	1.5708	-0.785399	-0	-2.18166	-0	1.39626
0.87112	1.5708	-0.785399	-0	-2.18166	-0	1.39626
0.87212	1.5708	-0.785399	-0	-2.18166	-0	1.39626
0.87312	1.5708	-0.785399	-0	-2.18166	-0	1.39626
0.87412	1.5708	-0.785399	-0	-2.18166	-0	1.39626
0.87512	1.5708	-0.785398	-0	-2.18166	-0	1.39626
0.87612	1.5708	-0.785398	-0	-2.18166	-0	1.39626
0.87712	1.5708	-0.785398	-0	-2.18166	-0	1.39626
0.87812	1.5708	-0.785398	-0	-2.18166	-0	1.39626
0.87912	1.5708	-0.785398	-0	-2.18166	-0	1.39626
0.88012	1.5708	-0.785398	-0	-2.18166	-0	1.39626
0.88112	1.5708	-0.785398	-0	-2.18166	-0	1.39626
0.88212	1.5708	-0.785398	-0	-2.18166	-0	1.39626
0.88312	1.5708	-0.785398	-0	-2.18166	-0	1.39626
0.88412	1.5708	-0.785398	-0	-2.18166	-0	1.39626
0.88512	1.5708	-0.785398	-0	-2.18166	-0	1.39626
0.88612	1.5708	-0.785398	-0	-2.18166	-0	1.39626
0.88712	1.5708	-0.785398	-0	-2.18166	-0	1.39626
0.88812	1.5708	-0.785398	-0	-2.18166	-0	1.39626
0.88912	1.5708	-0.785398	-0	-2.18166	-0	1.39626
0.89012	1.5708	-0.785398	-0	-2.18166	-0	1.39626
0.89112	1.5708	-0.785398	-0	-2.18166	-0	1.39626
0.89212	1.5708	-0.785398	-0	-2.18166	-0	1.39626
0.89312	1.5708	-0.785398	-0	-2.18166	-0	1.39626
0.89412	1.5708	-0.785398	-0	-2.18166	-0	1.39626
0.89512	1.5708	-0.785398	-0	-2.18166	-0	1.39626
0.89612	1.5708	-0.785398	-0	-2.18166	-0	1.39626
0.89712	1.5708	-0.785398	-0	-2.18166	-0	1.39626
0.89812	1.5708	-0.785398	-0	-2.18166	-0	1.39626
0.89912	1.5708	-0.785398	-0	-2.18166	-0	1.39626
0.90012	1.5708	-0.785399	-0	-2.18166	-0	1.39626
0.90112	1.5708	-0.785399	-0	-2.18166	-0	1.39626
0.90212	1.5708	-0.785399	-0	-2.18166	-0	1.39626
0.90312	1.5708	-0.785399	-0	-2.18166	-0	1.39626
0.90412	1.5708	-0.785399	-0	-2.18166	-0	1.39626
0.90512	1.5708	-0.785398	-0	-2.18166	-0	1.39626
0.90612	1.5708	-0.785398	-0	-2.18166	-0	1.39626
0.90712	1.5708	-0.785398	-0	-2.18166	-0	1.39626
0.90812	1.5708	-0.785398	-0	-2.18166	-0	1.39626
0.90912	1.5708	-0.785398	-0	-2.18166	-0	1.39626
0.91012	1.5708	-0.785398	-0	-2.18166	-0	1.39626
0.91112	1.5708	-0.785398	-0	-2.18166	-0	1.39626
0.91212	1.5708	-0.785398	-0	-2.18166	-0	1.39626
0.91312	1.5708	-0.785398	-0	-2.18166	-0	1.39626
0.91412	1.5708	-0.785398	-0	-2.18166	-0	1.39626
0.91512	1.5708	-0.785398	-0	-2.18166	-0	1.39626
0.91612	1.5708	-0.785398	-0	-2.18166	-0	1.39626
0.91712	1.5708	-0.785398	-0	-2.18166	-0	1.39626
0.91812	1.5708	-0.785398	-0	-2.18166	-0	1.39626
0.91912	1.5708	-0.785398	-0	-2.18166	-0	1.39626
0.92012	1.5708	-0.785398	-0	-2.18166	-0	1.39626
0.92112	1.5708	-0.785398	-0	-2.18166	-0	1.39626
0.92212	1.5708	-0.785398	-0	-2.18166	-0	1.39626
0.92312	1.5708	-0.785398	-0	-2.18166	-0	1.39626
0.92412	1.5708	-0.785398	-0	-2.18166	-0	1.39626
0.92512	1.5708	-0.785398	-0	-2.18166	-0	1.39626
0.92612	1.5708	-0.785398	-0	-2.18166	-0	1.39626
0.92712	1.5708	-0.785399	-0	-2.18166	-0	1.39626
0.92812	1.5708	-0.785399	-0	-2.18166	-0	1.39626
0.92912	1.5708	-0.785399	-0	-2.18166	-0	1.39626
0.93012	1.5708	-0.785399	-0	-2.18166	-0	1.39626
0.93112	1.5708	-0.785399	-0	-2.18166	-0	1.39626
0.93212	1.5708	-0.785398	-0	-2.18166	-0	1.39626
0.93312	1.5708	-0.785398	-0	-2.18166	-0	1.39626
0.93412	1.5708	-0.785398	-0	-2.18166	-0	1.39626
0.93512	1.5708	-0.785398	-0	-2.18166	-0	1.39626
0.93612	1.5708	-0.785398	-0	-2.18166	-0	1.39626
0.93712	1.5708	-0.785398	-0	-2.18166	-0	1.39626
0.93812	1.5708	-0.785398	-0	-2.18166	-0	1.39626
0.93912	1.5708	-0.785398	-0	-2.18166	-0	1.39626
0.94012	1.5708	-0.785398	-0	-2.18166	-0	1.39626
0.94112	1.5708	-0.785398	-0	-2.18166	-0	1.39626
0.94212	1.5708	-0.785398	-0	-2.18166	-0	1.39626
0.94312	1.5708	-0.785398	-0	-2.18166	-0	1.39626
0.94412	1.5708	-0.785398	-0	-2.18166	-0	1.39626
0.94512	1.5708	-0.785398	-0	-2.18166	-0	1.39626
0.94612	1.5708	-0.785398	-0	-2.18166	-0	1.39626
0.94712	1.5708	-0.785398	-0	-2.18166	-0	1.39626
0.94812	1.5708	-0.785398	-0	-2.18166	-0	1.39626
0.94912	1.5708	-0.785398	-0	-2.18166	-0	1.39626
0.95012	1.5708	-0.785398	-0	-2.18166	-0	1.39626
0.95112	1.5708	-0.785398	-0	-2.18166	-0	1.39626
0.95212	1.5708	-0.785398	-0	-2.18166	-0	1.39626
0.95312	1.5708	-0.785398	-0	-2.18166	-0	1.39626
0.95412	1.5708	-0.785398	-0	-2.18166	-0	1.39626
0.95512	1.5708	-0.785398	-0	-2.18166	-0	1.39626
0.95612	1.5708	-0.785399	-0	-2.18166	-0	1.39626
0.95712	1.5708	-0.785399	-0	-2.18166	-0	1.39626
0.95812	1.5708	-0.785399	-0	-2.18166	-0	1.39626
0.95912	1.5708	-0.785399	-0	-2.18166	-0	1.39626
0.96012	1.5708	-0.785399	-0	-2.18166	-0	1.39626
0.96112	1.5708	-0.785398	-0	-2.18166	-0	1.39626
0.96212	1.5708	-0.785398	-0	-2.18166	-1e-06	1.39626
0.96312	1.5708	-0.785398	-0	-2.18166	-1e-06	1.39626
0.96412	1.5708	-0.785398	-0	-2.18166	-1e-06	1.39626
0.96512	1.5708	-0.785398	-0	-2.18166	-1e-06	1.39626
0.96612	1.5708	-0.785398	-0	-2.18166	-0	1.39626
0.96712	1.5708	-0.785398	-0	-2.18166	-0	1.39626
0.96812	1.5708	-0.785398	-0	-2.18166	-0	1.39626
0.96912	1.5708	-0.785398	-0	-2.18166	-0	1.39626
0.97012	1.5708	-0.785398	-0	-2.18166	-0	1.39626
0.97112	1.5708	-0.785398	-0	-2.18166	-0	1.39626
0.97212	1.5708	-0.785398	-0	-2.18166	-0	1.39626
0.97312	1.5708	-0.785398	-0	-2.18166	-0	1.39626
0.97412	1.5708	-0.785398	-0	-2.18166	-0	1.39626
0.97512	1.5708	-0.785398	-0	-2.18166	-0	1.39626
0.97612	1.5708	-0.785398	-0	-2.18166	-0	1.39626
0.97712	1.5708	-0.785398	-0	-2.18166	-0	1.39626
0.97812	1.5708	-0.785398	-0	-2.18166	-0	1.39626
0.97912	1.5708	-0.785398	-0	-2.18166	-0	1.39626
0.98012	1.5708	-0.785398	-0	-2.18166	-0	1.39626
0.98112	1.5708	-0.785398	-0	-2.18166	-0	1.39626
0.98212	1.5708	-0.785398	-0	-2.18166	-0	1.39626
0.98312	1.5708	-0.785399	-0	-2.18166	-0	1.39626
0.98412	1.5708	-0.785399	-0	-2.18166	-0	1.39626
0.98512	1.5708	-0.785399	-0	-2.18166	-0	1.39626
0.98612	1.5708	-0.785399	-0	-2.18166	-0	1.39626
0.98712	1.5708	-0.785399	-0	-2.18166	-0	1.39626
0.98812	1.5708	-0.785398	-0	-2.18166	-0	1.39626
0.98912	1.5708	-0.785398	-0	-2.18166	-0	1.39626
0.99012	1.5708	-0.785398	-0	-2.18166	-0	1.39626
0.99112	1.5708	-0.785398	-0	-2.18166	-0	1.39626
0.99212	1.5708	-0.785398	-0	-2.18166	-0	1.39626
0.99312	1.5708	-0.785398	-0	-2.18166	-0	1.39626
0.99412	1.5708	-0.785398	-0	-2.18166	-0	1.39626
0.99512	1.5708	-0.785398	-0	-2.18166	-0	1.39626
0.99612	1.5708	-0.785398	-0	-2.18166	-0	1.39626
0.99712	1.5708	-0.785398	-0	-2.18166	-0	1.39626
0.99812	1.5708	-0.785398	-0	-2.18166	-0	1.39626
0.99912	1.5708	-0.785398	-0	-2.18166	-0	1.39626
1.00012	1.5708	-0.785398	-0	-2.18166	-0	1.39626
1.00112	1.5708	-0.785398	-0	-2.18166	-0	1.39626
1.00212	1.5708	-0.785398	-0	-2.18166	-0	1.39626
1.00312	1.5708	-0.785398	-0	-2.18166	-0	1.39626
1.00412	1.5708	-0.785398	-0	-2.18166	-0	1.39626
1.00512	1.5708	-0.785398	-0	-2.18166	-0	1.39626
1.00612	1.5708	-0.785398	-0	-2.18166	-0	1.39626
1.00712	1.5708	-0.785398	-0	-2.18166	-0	1.39626
1.00812	1.5708	-0.785398	-0	-2.18166	-0	1.39626
1.00912	1.5708	-0.785398	-0	-2.18166	-0	1.39626
1.01012	1.5708	-0.785398	-0	-2.18166	-0	1.39626
1.01112	1.5708	-0.785398	-0	-2.18166	-0	1.39626
1.01212	1.5708	-0.785399	-0	-2.18166	-0	1.39626
1.01312	1.5708	-0.785399	-0	-2.18166	-0	1.39626
1.01412	1.5708	-0.785399	-0	-2.18166	-0	1.39626
1.01512	1.5708	-0.785399	-0	-2.18166	-0	1.39626
1.01612	1.5708	-0.785399	-0	-2.18166	-0	1.39626
1.01712	1.5708	-0.785398	-0	-2.18166	-0	1.39626
1.01812	1.5708	-0.785398	-0	-2.18166	-0	1.39626
1.01912	1.5708	-0.785398	-0	-2.18166	-0	1.39626
1.02012	1.5708	-0.785398	-0	-2.18166	-0	1.39626
1.02112	1.5708	-0.785398	-0	-2.18166	-0	1.39626
1.02212	1.5708	-0.785398	-0	-2.18166	-0	1.39626
1.02312	1.5708	-0.785398	-0	-2.18166	-0	1.39626
1.02412	1.5708	-0.785398	-0	-2.18166	-0	1.39626
1.02512	1.5708	-0.785398	-0	-2.18166	-0	1.39626
1.02612	1.5708	-0.785398	-0	-2.18166	-0	1.39626
1.02712	1.5708	-0.785398	-0	-2.18166	-0	1.39626
1.02812	1.5708	-0.785398	-0	-2.18166	-0	1.39626
1.02912	1.5708	-0.785398	-0	-2.18166	-0	1.39626
1.03012	1.5708	-0.785398	-0	-2.18166	-0	1.39626
1.03112	1.5708	-0.785398	-0	-2.18166	-0	1.39626
1.03212	1.5708	-0.785398	-0	-2.18166	-0	1.39626
1.03312	1.5708	-0.785398	-0	-2.18166	-0	1.39626
1.03412	1.5708	-0.785398	-0	-2.18166	-0	1.39626
1.03512	1.5708	-0.785398	-0	-2.18166	-0	1.39626
1.03612	1.5708	-0.785398	-0	-2.18166	-0	1.39626
1.03712	1.5708	-0.785398	-0	-2.18166	-0	1.39626
1.03812	1.5708	-0.785398	-0	-2.18166	-0	1.39626
1.03912	1.5708	-0.785398	-0	-2.18166	-0	1.39626
1.04012	1.5708	-0.785399	-0	-2.18166	-0	1.39626
1.04112	1.5708	-0.785399	-0	-2.18166	-0	1.39626
1.04212	1.5708	-0.785399	-0	-2.18166	-0	1.39626
1.04312	1.5708	-0.785399	-0	-2.18166	-0	1.39626
1.04412	1.5708	-0.785399	-0	-2.18166	-0	1.39626
1.04512	1.5708	-0.785398	-0	-2.18166	-0	1.39626
1.04612	1.5708	-0.785398	-0	-2.18166	-0	1.39626
1.04712	1.5708	-0.785398	-0	-2.18166	-0	1.39626
1.04812	1.5708	-0.785398	-0	-2.18166	-0	1.39626
1.04912	1.5708	-0.785398	-0	-2.18166	-0	1.39626
1.05012	1.5708	-0.785398	-0	-2.18166	-0	1.39626
1.05112	1.5708	-0.785398	-0	-2.18166	-0	1.39626
1.05212	1.5708	-0.785398	-0	-2.18166	-0	1.39626
1.05312	1.5708	-0.785398	-0	-2.18166	-0	1.39626
1.05412	1.5708	-0.785398	-0	-2.18166	-0	1.39626
1.05512	1.5708	-0.785398	-0	-2.18166	-0	1.39626
1.05612	1.5708	-0.785398	-0	-2.18166	-0	1.39626
1.05712	1.5708	-0.785398	-0	-2.18166	-0	1.39626
1.05812	1.5708	-0.785398	-0	-2.18166	-0	1.39626
1.05912	1.5708	-0.785398	-0	-2.18166	-0	1.39626
1.06012	1.5708	-0.785398	-0	-2.18166	-0	1.39626
1.06112	1.5708	-0.785398	-0	-2.18166	-0	1.39626
1.06212	1.5708	-0.785398	-0	-2.18166	-0	1.39626
1.06312	1.5708	-0.785398	-0	-2.18166	-0	1.39626
1.06412	1.5708	-0.785398	-0	-2.18166	-0	1.39626
1.06512	1.5708	-0.785398	-0	-2.18166	-0	1.39626
1.06612	1.5708	-0.785398	-0	-2.18166	-0	1.39626
1.06712	1.5708	-0.785398	-0	-2.18166	-0	1.39626
1.06812	1.5708	-0.785399	-0	-2.18166	-0	1.39626
1.06912	1.5708	-0.785399	-0	-2.18166	-0	1.39626
1.07012	1.5708	-0.785399	-0	-2.18166	-0	1.39626
1.07112	1.5708	-0.785399	-0	-2.18166	-0	1.39626
1.07212	1.5708	-0.785399	-0	-2.18166	-0	1.39626
1.07312	1.5708	-0.785398	-0	-2.18166	-0	1.39626
1.07412	1.5708	-0.785398	-0	-2.18166	-0	1.39626
1.07512	1.5708	-0.785398	-0	-2.18166	-0	1.39626
1.07612	1.5708	-0.785398	-0	-2.18166	-0	1.39626
1.07712	1.5708	-0.785398	-0	-2.18166	-0	1.39626
1.07812	1.5708	-0.785398	-0	-2.18166	-0	1.39626
1.07912	1.5708	-0.785398	-0	-2.18166	-0	1.39626
1.08012	1.5708	-0.785398	-0	-2.18166	-0	1.39626
1.08112	1.5708	-0.785398	-0	-2.18166	-0	1.39626
1.08212	1.5708	-0.785398	-0	-2.18166	-0	1.39626
1.08312	1.5708	-0.785398	-0	-2.18166	-0	1.39626
1.08412	1.5708	-0.785398	-0	-2.18166	-0	1.39626
1.08512	1.5708	-0.785398	-0	-2.18166	-0	1.39626
1.08612	1.5708	-0.785398	-0	-2.18166	-0	1.39626
1.08712	1.5708	-0.785398	-0	-2.18166	-0	1.39626
1.08812	1.5708	-0.785398	-0	-2.18166	-0	1.39626
1.08912	1.5708	-0.785398	-0	-2.18166	-0	1.39626
1.09012	1.5708	-0.785398	-0	-2.18166	-0	1.39626
1.09112	1.5708	-0.785398	-0	-2.18166	-0	1.39626
1.09212	1.5708	-0.785398	-0	-2.18166	-0	1.39626
1.09312	1.5708	-0.785398	-0	-2.18166	-0	1.39626
1.09412	1.5708	-0.785398	-0	-2.18166	-0	1.39626
1.09512	1.5708	-0.785398	-0	-2.18166	-0	1.39626
1.09612	1.5708	-0.785398	-0	-2.18166	-0	1.39626
1.09712	1.5708	-0.785399	-0	-2.18166	-0	1.39626
1.09812	1.5708	-0.785399	-1e-06	-2.18166	-0	1.39626
1.09912	1.5708	-0.785399	-1e-06	-2.18166	-0	1.39626
1.10012	1.5708	-0.785399	-1e-06	-2.18166	-0	1.39626
1.10112	1.5708	-0.785399	-0	-2.18166	-0	1.39626
1.10212	1.5708	-0.785398	-0	-2.18166	-0	1.39626
1.10312	1.5708	-0.785398	-0	-2.18166	-0	1.39626
1.10412	1.5708	-0.785398	-0	-2.18166	-0	1.39626
1.10512	1.5708	-0.785398	-0	-2.18166	-0	1.39626
1.10612	1.5708	-0.785398	-0	-2.18166	-0	1.39626
1.10712	1.5708	-0.785398	-0	-2.18166	-0	1.39626
1.10812	1.5708	-0.785398	-0	-2.18166	-0	1.39626
1.10912	1.5708	-0.785398	-0	-2.18166	-0	1.39626
1.11012	1.5708	-0.785398	-0	-2.18166	-0	1.39626
1.11112	1.5708	-0.785398	-0	-2.18166	-0	1.39626
1.11212	1.5708	-0.785398	-0	-2.18166	-0	1.39626
1.11312	1.5708	-0.785398	-0	-2.18166	-0	1.39626
1.11412	1.5708	-0.785398	-0	-2.18166	-0	1.39626
1.11512	1.5708	-0.785398	-0	-2.18166	-0	1.39626
1.11612	1.5708	-0.785398	-0	-2.18166	-0	1.39626
1.11712	1.5708	-0.785398	-0	-2.18166	-0	1.39626
1.11812	1.5708	-0.785398	-0	-2.18166	-0	1.39626
1.11912	1.5708	-0.785398	-0	-2.18166	-0	1.39626
1.12012	1.5708	-0.785398	-0	-2.18166	-0	1.39626
1.12112	1.5708	-0.785398	-0	-2.18166	-0	1.39626
1.12212	1.5708	-0.785398	-0	-2.18166	-0	1.39626
1.12312	1.5708	-0.785398	-0	-2.18166	-0	1.39626
1.12412	1.5708	-0.785399	-0	-2.18166	-0	1.39626
1.12512	1.5708	-0.785399	-0	-2.18166	-0	1.39626
1.12612	1.5708	-0.785399	-0	-2.18166	-0	1.39626
1.12712	1.5708	-0.785399	-0	-2.18166	-0	1.39626
1.12812	1.5708	-0.785399	-0	-2.18166	-0	1.39626
1.12912	1.5708	-0.785398	-0	-2.18166	-0	1.39626
1.13012	1.5708	-0.785398	-0	-2.18166	-0	1.39626
1.13112	1.5708	-0.785398	-0	-2.18166	-0	1.39626
1.13212	1.5708	-0.785398	-0	-2.18166	-0	1.39626
1.13312	1.5708	-0.785398	-0	-2.18166	-0	1.39626
1.13412	1.5708	-0.785398	-0	-2.18166	-0	1.39626
1.13512	1.5708	-0.785398	-0	-2.18166	-0	1.39626
1.13612	1.5708	-0.785398	-0	-2.18166	-0	1.39626
1.13712	1.5708	-0.785398	-0	-2.18166	-0	1.39626
1.13812	1.5708	-0.785398	-0	-2.18166	-0	1.39626
1.13912	1.5708	-0.785398	-0	-2.18166	-0	1.39626
1.14012	1.5708	-0.785398	-0	-2.18166	-0	1.39626
1.14112	1.5708	-0.785398	-0	-2.18166	-0	1.39626
1.14212	1.5708	-0.785398	-0	-2.18166	-0	1.39626
1.14312	1.5708	-0.785398	-0	-2.18166	-0	1.39626
1.14412	1.5708	-0.785398	-0	-2.18166	-0	1.39626
1.14512	1.5708	-0.785398	-0	-2.18166	-0	1.39626
1.14612	1.5708	-0.785398	-0	-2.18166	-0	1.39626
1.14712	1.5708	-0.785398	-0	-2.18166	-0	1.39626
1.14812	1.5708	-0.785398	-0	-2.18166	-0	1.39626
1.14912	1.5708	-0.785398	-0	-2.18166	-0	1.39626
1.15012	1.5708	-0.785398	-0	-2.18166	-0	1.39626
1.15112	1.5708	-0.785398	-0	-2.18166	-0	1.39626
1.15212	1.5708	-0.785398	-0	-2.18166	-0	1.39626
1.15312	1.5708	-0.785398	-0	-2.18166	-0	1.39626
1.15412	1.5708	-0.785399	-0	-2.18166	-0	1.39626
1.15512	1.5708	-0.785399	-0	-2.18166	-0	1.39626
1.15612	1.5708	-0.785399	-0	-2.18166	-0	1.39626
1.15712	1.5708	-0.785399	-0	-2.18166	-0	1.39626
1.15812	1.5708	-0.785399	-0	-2.18166	-0	1.39626
1.15912	1.5708	-0.785398	-0	-2.18166	-0	1.39626
1.16012	1.5708	-0.785398	-0	-2.18166	-0	1.39626
1.16112	1.5708	-0.785398	-0	-2.18166	-0	1.39626
1.16212	1.5708	-0.785398	-0	-2.18166	-0	1.39626
1.16312	1.5708	-0.785398	-0	-2.18166	-0	1.39626
1.16412	1.5708	-0.785398	-0	-2.18166	-0	1.39626
1.16512	1.5708	-0.785398	-0	-2.18166	-0	1.39626
1.16612	1.5708	-0.785398	-0	-2.18166	-0	1.39626
1.16712	1.5708	-0.785398	-0	-2.18166	-0	1.39626
1.16812	1.5708	-0.785398	-0	-2.18166	-0	1.39626
1.16912	1.5708	-0.785398	-0	-2.18166	-0	1.39626
1.17012	1.5708	-0.785398	-0	-2.18166	-0	1.39626
1.17112	1.5708	-0.785398	-0	-2.18166	-0	1.39626
1.17212	1.5708	-0.785398	-0	-2.18166	-0	1.39626
1.17312	1.5708	-0.785398	-0	-2.18166	-0	1.39626
1.17412	1.5708	-0.785398	-0	-2.18166	-0	1.39626
1.17512	1.5708	-0.785398	-0	-2.18166	-0	1.39626
1.17612	1.5708	-0.785398	-0	-2.18166	-0	1.39626
1.17712	1.5708	-0.785398	-0	-2.18166	-0	1.39626
1.17812	1.5708	-0.785398	-0	-2.18166	-0	1.39626
1.17912	1.5708	-0.785398	-0	-2.18166	-0	1.39626
1.18012	1.5708	-0.785398	-0	-2.18166	-0	1.39626
1.18112	1.5708	-0.785399	-0	-2.18166	-0	1.39626
1.18212	1.5708	-0.785399	-0	-2.18166	-0	1.39626
1.18312	1.5708	-0.785399	-0	-2.18166	-0	1.39626
1.18412	1.5708	-0.785399	-0	-2.18166	-0	1.39626
1.18512	1.5708	-0.785399	-0	-2.18166	-0	1.39626
1.18612	1.5708	-0.785398	-0	-2.18166	-0	1.39626
1.18712	1.5708	-0.785398	-0	-2.18166	-0	1.39626
1.18812	1.5708	-0.785398	-0	-2.18166	-0	1.39626
1.18912	1.5708	-0.785398	-0	-2.18166	-0	1.39626
1.19012	1.5708	-0.785398	-0	-2.18166	-0	1.39626
1.19112	1.5708	-0.785398	-0	-2.18166	-0	1.39626
1.19212	1.5708	-0.785398	-0	-2.18166	-0	1.39626
1.19312	1.5708	-0.785398	-0	-2.18166	-0	1.39626
1.19412	1.5708	-0.785398	-0	-2.18166	-0	1.39626
1.19512	1.5708	-0.785398	-0	-2.18166	-0	1.39626
1.19612	1.5708	-0.785398	-0	-2.18166	-0	1.39626
1.19712	1.5708	-0.785398	-0	-2.18166	-0	1.39626
1.19812	1.5708	-0.785398	-0	-2.18166	-0	1.39626
1.19912	1.5708	-0.785398	-0	-2.18166	-0	1.39626
1.20012	1.5708	-0.785398	-0	-2.18166	-0	1.39626
1.20112	1.5708	-0.785398	-0	-2.18166	-0	1.39626
1.20212	1.5708	-0.785398	-0	-2.18166	-0	1.39626
1.20312	1.5708	-0.785398	-0	-2.18166	-0	1.39626
1.20412	1.5708	-0.785398	-0	-2.18166	-0	1.39626
1.20512	1.5708	-0.785398	-0	-2.18166	-0	1.39626
1.20612	1.5708	-0.785398	-0	-2.18166	-0	1.39626
1.20712	1.5708	-0.785398	-0	-2.18166	-0	1.39626
1.20812	1.5708	-0.785398	-0	-2.18166	-0	1.39626
1.20912	1.5708	-0.785398	-0	-2.18166	-0	1.39626
1.21012	1.5708	-0.785398	-0	-2.18166	-0	1.39626
1.21112	1.5708	-0.785399	-0	-2.18166	-0	1.39626
1.21212	1.5708	-0.785399	-0	-2.18166	-0	1.39626
1.21312	1.5708	-0.785399	-0	-2.18166	-0	1.39626
1.21412	1.5708	-0.785399	-0	-2.18166	-0	1.39626
1.21512	1.5708	-0.785399	-0	-2.18166	-0	1.39626
1.21612	1.5708	-0.785398	-0	-2.18166	-0	1.39626
1.21712	1.5708	-0.785398	-0	-2.18166	-0	1.39626
1.21812	1.5708	-0.785398	-0	-2.18166	-0	1.39626
1.21912	1.5708	-0.785398	-0	-2.18166	-0	1.39626
1.22012	1.5708	-0.785398	-0	-2.18166	-0	1.39626
1.22112	1.5708	-0.785398	-0	-2.18166	-0	1.39626
1.22212	1.5708	-0.785398	-0	-2.18166	-0	1.39626
1.22312	1.5708	-0.785398	-0	-2.18166	-0	1.39626
1.22412	1.5708	-0.785398	-0	-2.18166	-0	1.39626
1.22512	1.5708	-0.785398	-0	-2.18166	-0	1.39626
1.22612	1.5708	-0.785398	-0	-2.18166	-0	1.39626
1.22712	1.5708	-0.785398	-0	-2.18166	-0	1.39626
1.22812	1.5708	-0.785398	-0	-2.18166	-0	1.39626
1.22912	1.5708	-0.785398	-0	-2.18166	-0	1.39626
1.23012	1.5708	-0.785398	-0	-2.18166	-0	1.39626
1.23112	1.5708	-0.785398	-0	-2.18166	-0	1.39626
1.23212	1.5708	-0.785398	-0	-2.18166	-0	1.39626
1.23312	1.5708	-0.785398	-0	-2.18166	-0	1.39626
1.23412	1.5708	-0.785398	-0	-2.18166	-0	1.39626
1.23512	1.5708	-0.785398	-1e-06	-2.18166	-0	1.39626
1.23612	1.5708	-0.785398	-1e-06	-2.18166	-0	1.39626
1.23712	1.5708	-0.785398	-1e-06	-2.18166	-0	1.39626
1.23812	1.5708	-0.785398	-0	-2.18166	-0	1.39626
1.23912	1.5708	-0.785399	-0	-2.18166	-0	1.39626
1.24012	1.5708	-0.785399	-0	-2.18166	-0	1.39626
1.24112	1.5708	-0.785399	-0	-2.18166	-0	1.39626
