0.00215987	-1.39626	-0.785398	0	-2.18166	0	1.39626
0.00315987	-1.39567	-0.785393	-8.1e-05	-2.18165	-0.000161	1.39626
0.00415988	-1.39392	-0.785383	-0.000318	-2.18163	-0.000633	1.39624
0.00515988	-1.39105	-0.785375	-0.000701	-2.18162	-0.001397	1.39622
0.00615988	-1.38711	-0.785368	-0.00122	-2.18162	-0.002433	1.39621
0.00715987	-1.38214	-0.785364	-0.001866	-2.18162	-0.003721	1.3962
0.00815988	-1.37619	-0.785361	-0.00263	-2.18164	-0.005244	1.3962
0.00915987	-1.36929	-0.785359	-0.003503	-2.18166	-0.006985	1.3962
0.0101599	-1.36148	-0.785358	-0.004477	-2.18169	-0.008927	1.39621
0.0111599	-1.35281	-0.785357	-0.005544	-2.18173	-0.011055	1.39623
0.0121599	-1.3433	-0.785357	-0.006697	-2.18177	-0.013352	1.39627
0.0131599	-1.333	-0.785357	-0.007927	-2.18182	-0.015806	1.39632
0.0141599	-1.32194	-0.785357	-0.009229	-2.18188	-0.018401	1.39639
0.0151599	-1.31015	-0.785355	-0.010596	-2.18194	-0.021125	1.39648
0.0161599	-1.29767	-0.785353	-0.012022	-2.18201	-0.023965	1.39659
0.0171599	-1.28453	-0.785348	-0.013499	-2.18209	-0.026909	1.39674
0.0181599	-1.27076	-0.785341	-0.015024	-2.18218	-0.029945	1.39691
0.0191599	-1.25639	-0.785331	-0.016591	-2.18227	-0.033064	1.39713
0.0201599	-1.24145	-0.785317	-0.018193	-2.18237	-0.036255	1.39738
0.0211599	-1.22596	-0.7853	-0.019828	-2.18248	-0.039508	1.39767
0.0221599	-1.20995	-0.785278	-0.021489	-2.18259	-0.042813	1.39801
0.0231599	-1.19346	-0.785251	-0.023174	-2.18271	-0.046163	1.3984
0.0241599	-1.1765	-0.785218	-0.024877	-2.18284	-0.049549	1.39885
0.0251599	-1.1591	-0.78518	-0.026596	-2.18297	-0.052963	1.39935
0.0261599	-1.14129	-0.785134	-0.028326	-2.18311	-0.056398	1.39992
0.0271599	-1.12308	-0.785081	-0.030065	-2.18326	-0.059848	1.40055
0.0281599	-1.1045	-0.785021	-0.031808	-2.18342	-0.063305	1.40125
0.0291599	-1.08558	-0.784953	-0.033554	-2.18358	-0.066764	1.40202
0.0301599	-1.06632	-0.784875	-0.035299	-2.18375	-0.07022	1.40287
0.0311599	-1.04676	-0.784789	-0.037042	-2.18393	-0.073666	1.4038
0.0321599	-1.02691	-0.784693	-0.038779	-2.18411	-0.077099	1.40481
0.0331599	-1.0068	-0.784587	-0.040509	-2.18431	-0.080514	1.4059
0.0341599	-0.986432	-0.78447	-0.042229	-2.18451	-0.083905	1.40708
0.0351599	-0.965834	-0.784343	-0.043938	-2.18471	-0.087271	1.40836
0.0361599	-0.94502	-0.784205	-0.045634	-2.18492	-0.090606	1.40973
0.0371599	-0.924009	-0.784055	-0.047315	-2.18515	-0.093908	1.41119
0.0381599	-0.902815	-0.783893	-0.04898	-2.18538	-0.097173	1.41275
0.0391599	-0.881454	-0.783718	-0.050628	-2.18561	-0.100398	1.41441
0.0401599	-0.859941	-0.783532	-0.052258	-2.18585	-0.103582	1.41617
0.0411599	-0.83829	-0.783332	-0.053868	-2.1861	-0.106721	1.41804
0.0421599	-0.816516	-0.78312	-0.055457	-2.18636	-0.109814	1.42001
0.0431599	-0.794632	-0.782894	-0.057025	-2.18662	-0.112858	1.42209
0.0441599	-0.772651	-0.782655	-0.058571	-2.1869	-0.115852	1.42427
0.0451599	-0.750585	-0.782403	-0.060093	-2.18717	-0.118794	1.42656
0.0461599	-0.728447	-0.782137	-0.061592	-2.18746	-0.121682	1.42896
0.0471599	-0.706247	-0.781856	-0.063067	-2.18775	-0.124515	1.43147
0.0481599	-0.683998	-0.781562	-0.064517	-2.18805	-0.127292	1.43409
0.0491599	-0.66171	-0.781254	-0.065941	-2.18836	-0.130012	1.43681
0.0501599	-0.639393	-0.780932	-0.06734	-2.18867	-0.132674	1.43965
0.0511599	-0.617058	-0.780596	-0.068713	-2.18899	-0.135277	1.4426
0.0521599	-0.594713	-0.780245	-0.07006	-2.18931	-0.13782	1.44565
0.0531599	-0.572369	-0.779881	-0.071381	-2.18964	-0.140303	1.44881
0.0541599	-0.550033	-0.779502	-0.072674	-2.18998	-0.142725	1.45208
0.0551599	-0.527716	-0.779109	-0.073941	-2.19032	-0.145086	1.45546
0.0561599	-0.505424	-0.778703	-0.07518	-2.19067	-0.147384	1.45894
0.0571599	-0.483166	-0.778282	-0.076392	-2.19102	-0.149621	1.46252
0.0581599	-0.460948	-0.777848	-0.077577	-2.19138	-0.151794	1.4662
0.0591599	-0.43878	-0.7774	-0.078734	-2.19175	-0.153906	1.46999
0.0601599	-0.416667	-0.776938	-0.079864	-2.19212	-0.155954	1.47387
0.0611599	-0.394615	-0.776463	-0.080966	-2.19249	-0.157939	1.47785
0.0621599	-0.372633	-0.775975	-0.08204	-2.19287	-0.159861	1.48193
0.0631599	-0.350724	-0.775473	-0.083086	-2.19325	-0.161719	1.4861
0.0641599	-0.328896	-0.774959	-0.084105	-2.19364	-0.163514	1.49035
0.0651599	-0.307154	-0.774432	-0.085096	-2.19403	-0.165246	1.4947
0.0661599	-0.285503	-0.773893	-0.086059	-2.19442	-0.166915	1.49913
0.0671599	-0.263948	-0.773341	-0.086995	-2.19482	-0.16852	1.50364
0.0681599	-0.242495	-0.772778	-0.087902	-2.19522	-0.170062	1.50823
0.0691599	-0.221147	-0.772203	-0.088782	-2.19562	-0.171541	1.5129
0.0701599	-0.199909	-0.771617	-0.089633	-2.19603	-0.172957	1.51765
0.0711599	-0.178786	-0.771019	-0.090457	-2.19644	-0.17431	1.52246
0.0721599	-0.157781	-0.770411	-0.091253	-2.19684	-0.175601	1.52734
0.0731599	-0.136897	-0.769792	-0.092021	-2.19726	-0.176829	1.53229
0.0741599	-0.11614	-0.769163	-0.092762	-2.19767	-0.177994	1.5373
0.0751599	-0.095511	-0.768524	-0.093474	-2.19808	-0.179097	1.54236
0.0761599	-0.075015	-0.767875	-0.094158	-2.1985	-0.180138	1.54749
0.0771599	-0.054653	-0.767218	-0.094815	-2.19891	-0.181118	1.55266
0.0781599	-0.03443	-0.766551	-0.095444	-2.19933	-0.182036	1.55788
0.0791599	-0.014347	-0.765876	-0.096044	-2.19974	-0.182892	1.56315
0.0801599	0.005592	-0.765193	-0.096617	-2.20016	-0.183687	1.56845
0.0811599	0.025385	-0.764502	-0.097162	-2.20058	-0.184422	1.5738
0.0821599	0.045031	-0.763804	-0.097679	-2.20099	-0.185096	1.57918
0.0831599	0.064527	-0.763099	-0.098168	-2.2014	-0.185709	1.58458
0.0841599	0.083871	-0.762387	-0.098629	-2.20181	-0.186263	1.59002
0.0851599	0.103062	-0.761669	-0.099062	-2.20222	-0.186756	1.59548
0.0861599	0.122097	-0.760946	-0.099467	-2.20263	-0.187191	1.60096
0.0871599	0.140975	-0.760216	-0.099844	-2.20304	-0.187566	1.60646
0.0881599	0.159695	-0.759482	-0.100193	-2.20344	-0.187882	1.61197
0.0891599	0.178256	-0.758743	-0.100513	-2.20384	-0.188141	1.61748
0.0901599	0.196656	-0.758	-0.100806	-2.20424	-0.188341	1.62301
0.0911599	0.214894	-0.757254	-0.101071	-2.20464	-0.188483	1.62853
0.0921599	0.232969	-0.756503	-0.101308	-2.20503	-0.188568	1.63406
0.0931599	0.250881	-0.75575	-0.101516	-2.20541	-0.188597	1.63958
0.0941599	0.268628	-0.754995	-0.101697	-2.2058	-0.188569	1.64509
0.0951599	0.28621	-0.754237	-0.10185	-2.20618	-0.188485	1.65059
0.0961599	0.303627	-0.753477	-0.101974	-2.20655	-0.188345	1.65607
0.0971599	0.320877	-0.752716	-0.102071	-2.20692	-0.188151	1.66154
0.0981599	0.337961	-0.751955	-0.10214	-2.20729	-0.187902	1.66699
0.0991599	0.354878	-0.751193	-0.102181	-2.20765	-0.187599	1.67241
0.10016	0.371628	-0.75043	-0.102194	-2.208	-0.187242	1.6778
0.10116	0.388211	-0.749669	-0.102179	-2.20835	-0.186832	1.68317
0.10216	0.404626	-0.748908	-0.102137	-2.2087	-0.186371	1.6885
0.10316	0.420874	-0.748148	-0.102067	-2.20903	-0.185857	1.69379
0.10416	0.436955	-0.74739	-0.101969	-2.20936	-0.185292	1.69904
0.10516	0.452868	-0.746633	-0.101844	-2.20969	-0.184676	1.70425
0.10616	0.468614	-0.74588	-0.101692	-2.21001	-0.184011	1.70942
0.10716	0.484194	-0.745129	-0.101513	-2.21032	-0.183296	1.71453
0.10816	0.499607	-0.744381	-0.101306	-2.21063	-0.182532	1.7196
0.10916	0.514854	-0.743637	-0.101073	-2.21092	-0.181721	1.72461
0.11016	0.529935	-0.742897	-0.100813	-2.21122	-0.180862	1.72957
0.11116	0.544851	-0.742161	-0.100526	-2.2115	-0.179957	1.73446
0.11216	0.559602	-0.74143	-0.100213	-2.21178	-0.179006	1.7393
0.11316	0.574188	-0.740704	-0.099873	-2.21205	-0.178009	1.74408
0.11416	0.588611	-0.739983	-0.099508	-2.21231	-0.176969	1.74879
0.11516	0.602871	-0.739269	-0.099117	-2.21257	-0.175885	1.75343
0.11616	0.616968	-0.73856	-0.0987	-2.21281	-0.174758	1.758
0.11716	0.630904	-0.737859	-0.098258	-2.21305	-0.173589	1.7625
0.11816	0.644678	-0.737164	-0.097791	-2.21328	-0.172379	1.76693
0.11916	0.658292	-0.736476	-0.097299	-2.21351	-0.171129	1.77128
0.12016	0.671747	-0.735796	-0.096783	-2.21372	-0.169839	1.77556
0.12116	0.685043	-0.735123	-0.096242	-2.21393	-0.168511	1.77976
0.12216	0.698182	-0.734459	-0.095677	-2.21413	-0.167145	1.78388
0.12316	0.711163	-0.733804	-0.095089	-2.21433	-0.165742	1.78791
0.12416	0.723989	-0.733157	-0.094478	-2.21451	-0.164303	1.79187
0.12516	0.73666	-0.732519	-0.093843	-2.21469	-0.16283	1.79574
0.12616	0.749177	-0.731891	-0.093186	-2.21486	-0.161322	1.79952
0.12716	0.76154	-0.731272	-0.092507	-2.21502	-0.15978	1.80322
0.12816	0.773752	-0.730663	-0.091805	-2.21517	-0.158207	1.80682
0.12916	0.785813	-0.730064	-0.091083	-2.21531	-0.156602	1.81034
0.13016	0.797724	-0.729476	-0.090339	-2.21545	-0.154967	1.81377
0.13116	0.809486	-0.728898	-0.089574	-2.21558	-0.153302	1.81711
0.13216	0.8211	-0.728331	-0.08879	-2.2157	-0.151608	1.82036
0.13316	0.832568	-0.727776	-0.087985	-2.21582	-0.149887	1.82352
0.13416	0.84389	-0.727231	-0.087161	-2.21592	-0.14814	1.82658
0.13516	0.855067	-0.726698	-0.086318	-2.21602	-0.146366	1.82955
0.13616	0.866102	-0.726177	-0.085456	-2.21611	-0.144568	1.83242
0.13716	0.876994	-0.725667	-0.084576	-2.2162	-0.142746	1.8352
0.13816	0.887745	-0.72517	-0.083679	-2.21627	-0.140901	1.83789
0.13916	0.898357	-0.724685	-0.082764	-2.21634	-0.139034	1.84048
0.14016	0.90883	-0.724212	-0.081833	-2.2164	-0.137146	1.84297
0.14116	0.919165	-0.723751	-0.080885	-2.21646	-0.135238	1.84537
0.14216	0.929365	-0.723303	-0.079922	-2.21651	-0.133311	1.84768
0.14316	0.939429	-0.722868	-0.078943	-2.21655	-0.131365	1.84988
0.14416	0.94936	-0.722446	-0.07795	-2.21658	-0.129403	1.852
0.14516	0.959158	-0.722037	-0.076942	-2.21661	-0.127424	1.85401
0.14616	0.968824	-0.721641	-0.075921	-2.21663	-0.12543	1.85593
0.14716	0.978361	-0.721258	-0.074886	-2.21665	-0.123421	1.85776
0.14816	0.987768	-0.720888	-0.073839	-2.21665	-0.121399	1.85948
0.14916	0.997048	-0.720531	-0.072779	-2.21666	-0.119364	1.86112
0.15016	1.0062	-0.720188	-0.071708	-2.21665	-0.117317	1.86266
0.15116	1.01523	-0.719858	-0.070625	-2.21664	-0.115259	1.8641
0.15216	1.02413	-0.719542	-0.069532	-2.21663	-0.113192	1.86545
0.15316	1.03292	-0.719239	-0.068428	-2.2166	-0.111115	1.86671
0.15416	1.04158	-0.718949	-0.067314	-2.21658	-0.10903	1.86787
0.15516	1.05012	-0.718673	-0.066192	-2.21655	-0.106937	1.86895
0.15616	1.05854	-0.718411	-0.065061	-2.21651	-0.104838	1.86992
0.15716	1.06684	-0.718162	-0.063921	-2.21647	-0.102733	1.87081
0.15816	1.07503	-0.717927	-0.062774	-2.21642	-0.100623	1.87161
0.15916	1.0831	-0.717705	-0.06162	-2.21637	-0.098509	1.87232
0.16016	1.09105	-0.717497	-0.060459	-2.21631	-0.096391	1.87294
0.16116	1.0989	-0.717302	-0.059292	-2.21625	-0.094271	1.87347
0.16216	1.10663	-0.71712	-0.058119	-2.21618	-0.092149	1.87391
0.16316	1.11425	-0.716952	-0.056941	-2.21611	-0.090026	1.87427
0.16416	1.12177	-0.716798	-0.055758	-2.21604	-0.087902	1.87453
0.16516	1.12917	-0.716656	-0.054571	-2.21596	-0.085779	1.87472
0.16616	1.13647	-0.716528	-0.053381	-2.21588	-0.083657	1.87482
0.16716	1.14366	-0.716413	-0.052187	-2.21579	-0.081537	1.87484
0.16816	1.15075	-0.716311	-0.05099	-2.2157	-0.079419	1.87477
0.16916	1.15773	-0.716222	-0.049791	-2.21561	-0.077304	1.87462
0.17016	1.16462	-0.716146	-0.04859	-2.21552	-0.075193	1.8744
0.17116	1.1714	-0.716083	-0.047388	-2.21542	-0.073086	1.87409
0.17216	1.17808	-0.716032	-0.046185	-2.21532	-0.070985	1.87371
0.17316	1.18466	-0.715994	-0.044981	-2.21521	-0.068889	1.87325
0.17416	1.19115	-0.715969	-0.043778	-2.21511	-0.0668	1.87271
0.17516	1.19754	-0.715956	-0.042574	-2.215	-0.064717	1.8721
0.17616	1.20383	-0.715955	-0.041372	-2.21489	-0.062642	1.87141
0.17716	1.21003	-0.715967	-0.04017	-2.21477	-0.060574	1.87065
0.17816	1.21614	-0.71599	-0.038971	-2.21466	-0.058516	1.86982
0.17916	1.22216	-0.716026	-0.037773	-2.21454	-0.056466	1.86892
0.18016	1.22809	-0.716073	-0.036578	-2.21442	-0.054426	1.86795
0.18116	1.23392	-0.716132	-0.035385	-2.2143	-0.052396	1.86691
0.18216	1.23967	-0.716202	-0.034196	-2.21418	-0.050377	1.8658
0.18316	1.24533	-0.716284	-0.03301	-2.21405	-0.048369	1.86463
0.18416	1.25091	-0.716377	-0.031829	-2.21393	-0.046372	1.86339
0.18516	1.2564	-0.716481	-0.030651	-2.2138	-0.044387	1.86209
0.18616	1.2618	-0.716596	-0.029479	-2.21367	-0.042415	1.86073
0.18716	1.26713	-0.716722	-0.028311	-2.21355	-0.040455	1.8593
0.18816	1.27237	-0.716858	-0.027148	-2.21342	-0.038509	1.85782
0.18916	1.27753	-0.717005	-0.025992	-2.21329	-0.036576	1.85628
0.19016	1.28261	-0.717162	-0.024841	-2.21316	-0.034658	1.85468
0.19116	1.28761	-0.71733	-0.023696	-2.21303	-0.032754	1.85302
0.19216	1.29253	-0.717507	-0.022558	-2.21289	-0.030864	1.85131
0.19316	1.29738	-0.717694	-0.021427	-2.21276	-0.02899	1.84954
0.19416	1.30215	-0.717891	-0.020303	-2.21263	-0.027131	1.84773
0.19516	1.30685	-0.718097	-0.019187	-2.2125	-0.025288	1.84586
0.19616	1.31147	-0.718312	-0.018078	-2.21237	-0.023461	1.84394
0.19716	1.31602	-0.718537	-0.016978	-2.21223	-0.02165	1.84197
0.19816	1.3205	-0.71877	-0.015885	-2.2121	-0.019856	1.83995
0.19916	1.3249	-0.719013	-0.014801	-2.21197	-0.018079	1.83788
0.20016	1.32924	-0.719264	-0.013726	-2.21184	-0.016319	1.83577
0.20116	1.33351	-0.719523	-0.01266	-2.21171	-0.014576	1.83362
0.20216	1.33771	-0.719791	-0.011603	-2.21158	-0.012851	1.83142
0.20316	1.34185	-0.720067	-0.010555	-2.21145	-0.011145	1.82918
0.20416	1.34591	-0.72035	-0.009517	-2.21132	-0.009456	1.8269
0.20516	1.34991	-0.720642	-0.008489	-2.2112	-0.007785	1.82458
0.20616	1.35385	-0.720941	-0.007471	-2.21107	-0.006133	1.82222
0.20716	1.35773	-0.721247	-0.006463	-2.21094	-0.0045	1.81982
0.20816	1.36154	-0.721561	-0.005466	-2.21082	-0.002885	1.81739
0.20916	1.36529	-0.721881	-0.004479	-2.21069	-0.00129	1.81492
0.21016	1.36898	-0.722209	-0.003502	-2.21057	0.000286	1.81242
0.21116	1.37261	-0.722543	-0.002537	-2.21045	0.001843	1.80988
0.21216	1.37618	-0.722884	-0.001582	-2.21033	0.003381	1.80731
0.21316	1.37969	-0.723231	-0.000639	-2.21021	0.004898	1.80471
0.21416	1.38314	-0.723584	0.000293	-2.21009	0.006396	1.80208
0.21516	1.38654	-0.723944	0.001213	-2.20998	0.007875	1.79942
0.21616	1.38988	-0.724309	0.002123	-2.20986	0.009333	1.79673
0.21716	1.39317	-0.724679	0.00302	-2.20975	0.010771	1.79402
0.21816	1.3964	-0.725056	0.003906	-2.20964	0.012189	1.79128
0.21916	1.39958	-0.725437	0.004779	-2.20953	0.013587	1.78852
0.22016	1.40271	-0.725824	0.005641	-2.20942	0.014965	1.78573
0.22116	1.40578	-0.726216	0.006491	-2.20931	0.016322	1.78292
0.22216	1.4088	-0.726612	0.007329	-2.2092	0.017659	1.78009
0.22316	1.41177	-0.727013	0.008154	-2.2091	0.018975	1.77724
0.22416	1.4147	-0.727419	0.008967	-2.209	0.020271	1.77436
0.22516	1.41757	-0.727829	0.009768	-2.2089	0.021547	1.77147
0.22616	1.4204	-0.728243	0.010557	-2.2088	0.022802	1.76856
0.22716	1.42317	-0.728661	0.011333	-2.2087	0.024036	1.76564
0.22816	1.4259	-0.729083	0.012096	-2.20861	0.02525	1.76269
0.22916	1.42859	-0.729509	0.012848	-2.20852	0.026444	1.75974
0.23016	1.43123	-0.729939	0.013586	-2.20843	0.027616	1.75676
0.23116	1.43382	-0.730371	0.014312	-2.20834	0.028769	1.75378
0.23216	1.43637	-0.730807	0.015025	-2.20825	0.0299	1.75078
0.23316	1.43888	-0.731246	0.015726	-2.20817	0.031012	1.74777
0.23416	1.44134	-0.731689	0.016414	-2.20808	0.032102	1.74475
0.23516	1.44377	-0.732133	0.01709	-2.208	0.033173	1.74172
0.23616	1.44615	-0.732581	0.017753	-2.20792	0.034223	1.73868
0.23716	1.44849	-0.733031	0.018403	-2.20784	0.035252	1.73563
0.23816	1.45079	-0.733483	0.019041	-2.20777	0.036261	1.73258
0.23916	1.45304	-0.733938	0.019666	-2.2077	0.03725	1.72951
0.24016	1.45527	-0.734395	0.020278	-2.20763	0.038219	1.72645
0.24116	1.45745	-0.734854	0.020878	-2.20756	0.039168	1.72337
0.24216	1.45959	-0.735314	0.021466	-2.20749	0.040096	1.72029
0.24316	1.4617	-0.735776	0.02204	-2.20742	0.041005	1.71721
0.24416	1.46377	-0.73624	0.022603	-2.20736	0.041893	1.71412
0.24516	1.4658	-0.736706	0.023153	-2.2073	0.042762	1.71104
0.24616	1.4678	-0.737172	0.02369	-2.20724	0.043611	1.70795
0.24716	1.46977	-0.73764	0.024215	-2.20718	0.044441	1.70486
0.24816	1.4717	-0.738109	0.024728	-2.20713	0.045251	1.70176
0.24916	1.47359	-0.738579	0.025229	-2.20707	0.046041	1.69867
0.25016	1.47545	-0.739049	0.025717	-2.20702	0.046812	1.69558
0.25116	1.47728	-0.739521	0.026193	-2.20697	0.047564	1.6925
0.25216	1.47908	-0.739993	0.026657	-2.20692	0.048297	1.68941
0.25316	1.48084	-0.740465	0.027109	-2.20688	0.04901	1.68633
0.25416	1.48258	-0.740938	0.02755	-2.20683	0.049705	1.68325
0.25516	1.48428	-0.741412	0.027978	-2.20679	0.050381	1.68017
0.25616	1.48595	-0.741885	0.028394	-2.20675	0.051038	1.6771
0.25716	1.4876	-0.742358	0.028799	-2.20671	0.051677	1.67403
0.25816	1.48921	-0.742832	0.029192	-2.20668	0.052297	1.67097
0.25916	1.4908	-0.743305	0.029574	-2.20664	0.052899	1.66792
0.26016	1.49235	-0.743778	0.029944	-2.20661	0.053483	1.66487
0.26116	1.49388	-0.74425	0.030302	-2.20658	0.054049	1.66183
0.26216	1.49538	-0.744723	0.03065	-2.20655	0.054598	1.65879
0.26316	1.49686	-0.745194	0.030986	-2.20652	0.055128	1.65577
0.26416	1.4983	-0.745665	0.031311	-2.20649	0.055641	1.65275
0.26516	1.49972	-0.746136	0.031625	-2.20647	0.056136	1.64975
0.26616	1.50112	-0.746605	0.031928	-2.20644	0.056614	1.64675
0.26716	1.50249	-0.747074	0.03222	-2.20642	0.057075	1.64376
0.26816	1.50384	-0.747542	0.032501	-2.2064	0.05752	1.64078
0.26916	1.50516	-0.748009	0.032772	-2.20639	0.057947	1.63782
0.27016	1.50645	-0.748474	0.033032	-2.20637	0.058358	1.63487
0.27116	1.50772	-0.748938	0.033282	-2.20635	0.058752	1.63192
0.27216	1.50897	-0.749401	0.033522	-2.20634	0.05913	1.62899
0.27316	1.5102	-0.749863	0.033751	-2.20633	0.059491	1.62607
0.27416	1.51141	-0.750323	0.033971	-2.20632	0.059837	1.62317
0.27516	1.51259	-0.750782	0.03418	-2.20631	0.060167	1.62028
0.27616	1.51375	-0.751239	0.034379	-2.2063	0.060481	1.6174
0.27716	1.51489	-0.751695	0.034569	-2.20629	0.06078	1.61454
0.27816	1.51601	-0.752149	0.034749	-2.20629	0.061064	1.61169
0.27916	1.5171	-0.752601	0.03492	-2.20628	0.061332	1.60885
0.28016	1.51818	-0.753051	0.035081	-2.20628	0.061585	1.60603
0.28116	1.51924	-0.7535	0.035233	-2.20628	0.061824	1.60323
0.28216	1.52027	-0.753946	0.035375	-2.20628	0.062048	1.60044
0.28316	1.52129	-0.75439	0.035509	-2.20628	0.062258	1.59766
0.28416	1.52229	-0.754833	0.035634	-2.20628	0.062453	1.59491
0.28516	1.52327	-0.755273	0.03575	-2.20628	0.062634	1.59217
0.28616	1.52423	-0.755711	0.035857	-2.20629	0.062802	1.58944
0.28716	1.52517	-0.756147	0.035955	-2.20629	0.062956	1.58673
0.28816	1.5261	-0.75658	0.036046	-2.2063	0.063096	1.58404
0.28916	1.52701	-0.757011	0.036127	-2.20631	0.063222	1.58137
0.29016	1.5279	-0.75744	0.036201	-2.20632	0.063336	1.57872
0.29116	1.52878	-0.757867	0.036267	-2.20633	0.063437	1.57608
0.29216	1.52963	-0.758291	0.036324	-2.20634	0.063525	1.57346
0.29316	1.53048	-0.758712	0.036374	-2.20635	0.0636	1.57086
0.29416	1.5313	-0.759131	0.036416	-2.20636	0.063663	1.56827
0.29516	1.53211	-0.759547	0.036451	-2.20637	0.063713	1.56571
0.29616	1.53291	-0.759961	0.036478	-2.20639	0.063752	1.56316
0.29716	1.53369	-0.760372	0.036498	-2.2064	0.063778	1.56064
0.29816	1.53445	-0.76078	0.03651	-2.20641	0.063793	1.55813
0.29916	1.5352	-0.761186	0.036515	-2.20643	0.063797	1.55564
0.30016	1.53594	-0.761589	0.036514	-2.20645	0.063789	1.55317
0.30116	1.53666	-0.761989	0.036506	-2.20647	0.06377	1.55072
0.30216	1.53737	-0.762386	0.03649	-2.20648	0.06374	1.54829
0.30316	1.53806	-0.76278	0.036469	-2.2065	0.063699	1.54588
0.30416	1.53874	-0.763172	0.03644	-2.20652	0.063647	1.5435
0.30516	1.53941	-0.763561	0.036406	-2.20654	0.063585	1.54113
0.30616	1.54006	-0.763946	0.036365	-2.20656	0.063513	1.53878
0.30716	1.5407	-0.764329	0.036318	-2.20658	0.063431	1.53645
0.30816	1.54133	-0.764709	0.036265	-2.2066	0.063339	1.53414
0.30916	1.54195	-0.765086	0.036206	-2.20662	0.063237	1.53185
0.31016	1.54256	-0.765459	0.036142	-2.20665	0.063126	1.52958
0.31116	1.54315	-0.76583	0.036071	-2.20667	0.063006	1.52733
0.31216	1.54373	-0.766198	0.035996	-2.20669	0.062876	1.5251
0.31316	1.5443	-0.766562	0.035914	-2.20672	0.062737	1.5229
0.31416	1.54486	-0.766924	0.035828	-2.20674	0.062589	1.52071
0.31516	1.54541	-0.767282	0.035736	-2.20676	0.062433	1.51854
0.31616	1.54595	-0.767638	0.035639	-2.20679	0.062269	1.5164
0.31716	1.54648	-0.76799	0.035538	-2.20681	0.062096	1.51428
0.31816	1.54699	-0.768339	0.035431	-2.20684	0.061915	1.51217
0.31916	1.5475	-0.768685	0.03532	-2.20686	0.061726	1.51009
0.32016	1.548	-0.769028	0.035204	-2.20689	0.061529	1.50803
0.32116	1.54848	-0.769367	0.035084	-2.20692	0.061325	1.50599
0.32216	1.54896	-0.769704	0.034959	-2.20694	0.061113	1.50397
0.32316	1.54943	-0.770037	0.03483	-2.20697	0.060894	1.50197
0.32416	1.54989	-0.770367	0.034696	-2.20699	0.060668	1.49999
0.32516	1.55034	-0.770694	0.034559	-2.20702	0.060435	1.49804
0.32616	1.55078	-0.771018	0.034418	-2.20705	0.060195	1.4961
0.32716	1.55121	-0.771339	0.034273	-2.20707	0.059949	1.49419
0.32816	1.55163	-0.771656	0.034124	-2.2071	0.059696	1.49229
0.32916	1.55204	-0.77197	0.033971	-2.20713	0.059437	1.49042
0.33016	1.55245	-0.772281	0.033815	-2.20716	0.059172	1.48856
0.33116	1.55285	-0.772589	0.033655	-2.20718	0.058901	1.48673
0.33216	1.55324	-0.772894	0.033493	-2.20721	0.058624	1.48492
0.33316	1.55362	-0.773195	0.033326	-2.20724	0.058342	1.48313
0.33416	1.55399	-0.773493	0.033157	-2.20726	0.058054	1.48136
0.33516	1.55436	-0.773788	0.032985	-2.20729	0.057761	1.47961
0.33616	1.55472	-0.77408	0.032809	-2.20732	0.057462	1.47788
0.33716	1.55507	-0.774369	0.032631	-2.20734	0.057159	1.47617
0.33816	1.55542	-0.774655	0.03245	-2.20737	0.056851	1.47449
0.33916	1.55575	-0.774937	0.032266	-2.2074	0.056538	1.47282
0.34016	1.55609	-0.775216	0.03208	-2.20743	0.05622	1.47117
0.34116	1.55641	-0.775492	0.031891	-2.20745	0.055898	1.46954
0.34216	1.55673	-0.775765	0.0317	-2.20748	0.055572	1.46794
0.34316	1.55704	-0.776035	0.031507	-2.2075	0.055241	1.46635
0.34416	1.55734	-0.776302	0.031311	-2.20753	0.054907	1.46478
0.34516	1.55764	-0.776565	0.031113	-2.20756	0.054568	1.46324
0.34616	1.55793	-0.776826	0.030913	-2.20758	0.054226	1.46171
0.34716	1.55822	-0.777083	0.030711	-2.20761	0.053881	1.4602
0.34816	1.5585	-0.777337	0.030507	-2.20763	0.053532	1.45871
0.34916	1.55878	-0.777588	0.030302	-2.20766	0.053179	1.45724
0.35016	1.55905	-0.777836	0.030094	-2.20769	0.052824	1.45579
0.35116	1.55931	-0.778082	0.029885	-2.20771	0.052465	1.45436
0.35216	1.55957	-0.778324	0.029675	-2.20774	0.052104	1.45295
0.35316	1.55982	-0.778563	0.029462	-2.20776	0.051739	1.45156
0.35416	1.56007	-0.778799	0.029249	-2.20779	0.051372	1.45019
0.35516	1.56031	-0.779032	0.029034	-2.20781	0.051003	1.44884
0.35616	1.56055	-0.779262	0.028818	-2.20784	0.05063	1.4475
0.35716	1.56078	-0.779489	0.0286	-2.20786	0.050256	1.44619
0.35816	1.561	-0.779713	0.028382	-2.20788	0.04988	1.44489
0.35916	1.56123	-0.779934	0.028162	-2.20791	0.049501	1.44361
0.36016	1.56144	-0.780153	0.027941	-2.20793	0.04912	1.44235
0.36116	1.56166	-0.780368	0.02772	-2.20795	0.048738	1.44111
0.36216	1.56187	-0.780581	0.027497	-2.20797	0.048354	1.43989
0.36316	1.56207	-0.78079	0.027274	-2.208	0.047968	1.43868
0.36416	1.56227	-0.780997	0.02705	-2.20802	0.047581	1.43749
0.36516	1.56247	-0.781201	0.026826	-2.20804	0.047192	1.43632
0.36616	1.56266	-0.781402	0.0266	-2.20806	0.046802	1.43517
0.36716	1.56285	-0.781601	0.026374	-2.20808	0.046411	1.43403
0.36816	1.56303	-0.781796	0.026148	-2.20811	0.046018	1.43291
0.36916	1.56321	-0.781989	0.025921	-2.20813	0.045625	1.43181
0.37016	1.56339	-0.782179	0.025694	-2.20815	0.045231	1.43073
0.37116	1.56356	-0.782367	0.025467	-2.20817	0.044836	1.42966
0.37216	1.56373	-0.782552	0.025239	-2.20819	0.04444	1.42861
0.37316	1.56389	-0.782734	0.025011	-2.20821	0.044044	1.42758
0.37416	1.56405	-0.782913	0.024783	-2.20823	0.043647	1.42656
0.37516	1.56421	-0.78309	0.024555	-2.20824	0.04325	1.42556
0.37616	1.56437	-0.783264	0.024326	-2.20826	0.042852	1.42458
0.37716	1.56452	-0.783436	0.024098	-2.20828	0.042454	1.42361
0.37816	1.56466	-0.783605	0.02387	-2.2083	0.042056	1.42266
0.37916	1.56481	-0.783771	0.023642	-2.20832	0.041658	1.42172
0.38016	1.56495	-0.783935	0.023414	-2.20833	0.04126	1.4208
0.38116	1.56509	-0.784096	0.023186	-2.20835	0.040862	1.4199
0.38216	1.56523	-0.784255	0.022958	-2.20837	0.040464	1.41901
0.38316	1.56536	-0.784412	0.022731	-2.20838	0.040066	1.41814
0.38416	1.56549	-0.784566	0.022504	-2.2084	0.039669	1.41728
0.38516	1.56561	-0.784717	0.022277	-2.20842	0.039272	1.41643
0.38616	1.56574	-0.784867	0.022051	-2.20843	0.038876	1.41561
0.38716	1.56586	-0.785013	0.021825	-2.20845	0.03848	1.41479
0.38816	1.56598	-0.785158	0.0216	-2.20846	0.038085	1.41399
0.38916	1.56609	-0.7853	0.021375	-2.20848	0.03769	1.41321
0.39016	1.56621	-0.78544	0.021151	-2.20849	0.037296	1.41244
0.39116	1.56632	-0.785577	0.020927	-2.20851	0.036903	1.41168
0.39216	1.56643	-0.785712	0.020704	-2.20852	0.036511	1.41094
0.39316	1.56653	-0.785845	0.020481	-2.20853	0.03612	1.41021
0.39416	1.56664	-0.785976	0.02026	-2.20855	0.03573	1.40949
0.39516	1.56674	-0.786105	0.020039	-2.20856	0.035341	1.40879
0.39616	1.56684	-0.786231	0.019818	-2.20857	0.034953	1.4081
0.39716	1.56693	-0.786355	0.019599	-2.20858	0.034566	1.40743
0.39816	1.56703	-0.786477	0.01938	-2.2086	0.03418	1.40677
0.39916	1.56712	-0.786597	0.019162	-2.20861	0.033796	1.40612
0.40016	1.56721	-0.786715	0.018945	-2.20862	0.033413	1.40548
0.40116	1.5673	-0.786831	0.018729	-2.20863	0.033031	1.40486
0.40216	1.56739	-0.786945	0.018514	-2.20864	0.032651	1.40425
0.40316	1.56747	-0.787056	0.0183	-2.20865	0.032273	1.40365
0.40416	1.56756	-0.787166	0.018087	-2.20866	0.031895	1.40306
0.40516	1.56764	-0.787274	0.017875	-2.20867	0.03152	1.40249
0.40616	1.56772	-0.787379	0.017664	-2.20868	0.031146	1.40193
0.40716	1.56779	-0.787483	0.017454	-2.20869	0.030774	1.40138
0.40816	1.56787	-0.787585	0.017245	-2.2087	0.030404	1.40084
0.40916	1.56794	-0.787685	0.017037	-2.20871	0.030035	1.40031
0.41016	1.56801	-0.787783	0.01683	-2.20872	0.029668	1.3998
0.41116	1.56808	-0.787879	0.016624	-2.20872	0.029303	1.39929
0.41216	1.56815	-0.787974	0.01642	-2.20873	0.02894	1.3988
0.41316	1.56822	-0.788067	0.016216	-2.20874	0.028579	1.39832
0.41416	1.56829	-0.788157	0.016014	-2.20875	0.02822	1.39785
0.41516	1.56835	-0.788246	0.015813	-2.20876	0.027862	1.39739
0.41616	1.56841	-0.788334	0.015613	-2.20876	0.027507	1.39694
0.41716	1.56848	-0.788419	0.015415	-2.20877	0.027154	1.3965
0.41816	1.56854	-0.788503	0.015218	-2.20878	0.026803	1.39607
0.41916	1.56859	-0.788585	0.015022	-2.20878	0.026454	1.39565
0.42016	1.56865	-0.788666	0.014827	-2.20879	0.026107	1.39524
0.42116	1.56871	-0.788745	0.014634	-2.20879	0.025763	1.39484
0.42216	1.56876	-0.788822	0.014442	-2.2088	0.02542	1.39445
0.42316	1.56881	-0.788898	0.014251	-2.2088	0.02508	1.39407
0.42416	1.56887	-0.788972	0.014061	-2.20881	0.024742	1.3937
0.42516	1.56892	-0.789045	0.013873	-2.20881	0.024407	1.39334
0.42616	1.56897	-0.789116	0.013687	-2.20882	0.024073	1.39299
0.42716	1.56902	-0.789185	0.013501	-2.20882	0.023742	1.39265
0.42816	1.56906	-0.789253	0.013317	-2.20883	0.023414	1.39231
0.42916	1.56911	-0.78932	0.013135	-2.20883	0.023088	1.39199
0.43016	1.56915	-0.789385	0.012954	-2.20884	0.022764	1.39167
0.43116	1.5692	-0.789448	0.012774	-2.20884	0.022442	1.39137
0.43216	1.56924	-0.789511	0.012595	-2.20884	0.022123	1.39107
0.43316	1.56928	-0.789571	0.012419	-2.20885	0.021806	1.39078
0.43416	1.56932	-0.789631	0.012243	-2.20885	0.021492	1.3905
0.43516	1.56936	-0.789689	0.012069	-2.20885	0.021181	1.39022
0.43616	1.5694	-0.789746	0.011896	-2.20885	0.020871	1.38995
0.43716	1.56944	-0.789801	0.011725	-2.20885	0.020565	1.3897
0.43816	1.56948	-0.789855	0.011555	-2.20886	0.02026	1.38945
0.43916	1.56951	-0.789908	0.011387	-2.20886	0.019959	1.3892
0.44016	1.56955	-0.78996	0.01122	-2.20886	0.019659	1.38897
0.44116	1.56958	-0.79001	0.011055	-2.20886	0.019363	1.38874
0.44216	1.56962	-0.790059	0.010891	-2.20886	0.019069	1.38852
0.44316	1.56965	-0.790107	0.010728	-2.20886	0.018777	1.3883
0.44416	1.56968	-0.790154	0.010567	-2.20887	0.018488	1.3881
0.44516	1.56971	-0.790199	0.010408	-2.20887	0.018202	1.3879
0.44616	1.56974	-0.790244	0.01025	-2.20887	0.017918	1.3877
0.44716	1.56977	-0.790287	0.010093	-2.20887	0.017637	1.38752
0.44816	1.5698	-0.790329	0.009938	-2.20887	0.017358	1.38734
0.44916	1.56983	-0.79037	0.009784	-2.20887	0.017082	1.38716
0.45016	1.56986	-0.79041	0.009632	-2.20887	0.016808	1.387
0.45116	1.56988	-0.790449	0.009482	-2.20887	0.016537	1.38684
0.45216	1.56991	-0.790487	0.009332	-2.20887	0.016269	1.38668
0.45316	1.56994	-0.790523	0.009185	-2.20887	0.016003	1.38653
0.45416	1.56996	-0.790559	0.009038	-2.20887	0.01574	1.38639
0.45516	1.56999	-0.790594	0.008893	-2.20887	0.01548	1.38625
0.45616	1.57001	-0.790628	0.00875	-2.20887	0.015222	1.38612
0.45716	1.57003	-0.79066	0.008608	-2.20886	0.014966	1.38599
0.45816	1.57005	-0.790692	0.008468	-2.20886	0.014714	1.38587
0.45916	1.57008	-0.790723	0.008329	-2.20886	0.014463	1.38576
0.46016	1.5701	-0.790753	0.008191	-2.20886	0.014216	1.38565
0.46116	1.57012	-0.790782	0.008055	-2.20886	0.013971	1.38554
0.46216	1.57014	-0.79081	0.007921	-2.20886	0.013728	1.38545
0.46316	1.57016	-0.790838	0.007787	-2.20886	0.013488	1.38535
0.46416	1.57018	-0.790864	0.007656	-2.20886	0.013251	1.38526
0.46516	1.5702	-0.79089	0.007525	-2.20885	0.013016	1.38518
0.46616	1.57022	-0.790914	0.007397	-2.20885	0.012784	1.3851
0.46716	1.57023	-0.790938	0.007269	-2.20885	0.012555	1.38502
0.46816	1.57025	-0.790962	0.007143	-2.20885	0.012328	1.38495
0.46916	1.57027	-0.790984	0.007018	-2.20885	0.012103	1.38488
0.47016	1.57028	-0.791005	0.006895	-2.20884	0.011881	1.38482
0.47116	1.5703	-0.791026	0.006774	-2.20884	0.011662	1.38477
0.47216	1.57032	-0.791046	0.006653	-2.20884	0.011445	1.38471
0.47316	1.57033	-0.791066	0.006534	-2.20884	0.01123	1.38466
0.47416	1.57035	-0.791084	0.006417	-2.20883	0.011018	1.38462
0.47516	1.57036	-0.791102	0.0063	-2.20883	0.010809	1.38457
0.47616	1.57038	-0.791119	0.006186	-2.20883	0.010602	1.38454
0.47716	1.57039	-0.791136	0.006072	-2.20882	0.010398	1.3845
0.47816	1.5704	-0.791152	0.00596	-2.20882	0.010196	1.38447
0.47916	1.57041	-0.791167	0.005849	-2.20882	0.009996	1.38445
0.48016	1.57043	-0.791182	0.00574	-2.20881	0.009799	1.38442
0.48116	1.57044	-0.791196	0.005632	-2.20881	0.009604	1.38441
0.48216	1.57045	-0.791209	0.005525	-2.20881	0.009412	1.38439
0.48316	1.57046	-0.791222	0.00542	-2.2088	0.009222	1.38438
0.48416	1.57047	-0.791234	0.005316	-2.2088	0.009034	1.38437
0.48516	1.57048	-0.791245	0.005213	-2.2088	0.008849	1.38436
0.48616	1.5705	-0.791256	0.005111	-2.20879	0.008666	1.38436
0.48716	1.57051	-0.791267	0.005011	-2.20879	0.008486	1.38436
0.48816	1.57052	-0.791277	0.004912	-2.20879	0.008308	1.38436
0.48916	1.57053	-0.791286	0.004815	-2.20878	0.008132	1.38436
0.49016	1.57054	-0.791295	0.004718	-2.20878	0.007959	1.38437
0.49116	1.57055	-0.791303	0.004623	-2.20877	0.007788	1.38438
0.49216	1.57055	-0.791311	0.00453	-2.20877	0.007619	1.3844
0.49316	1.57056	-0.791318	0.004437	-2.20877	0.007452	1.38441
0.49416	1.57057	-0.791325	0.004346	-2.20876	0.007288	1.38443
0.49516	1.57058	-0.791331	0.004256	-2.20876	0.007126	1.38445
0.49616	1.57059	-0.791337	0.004167	-2.20875	0.006966	1.38447
0.49716	1.57059	-0.791343	0.004079	-2.20875	0.006808	1.3845
0.49816	1.5706	-0.791348	0.003993	-2.20874	0.006653	1.38453
0.49916	1.57061	-0.791352	0.003907	-2.20874	0.006499	1.38456
0.50016	1.57062	-0.791356	0.003823	-2.20874	0.006348	1.38459
0.50116	1.57062	-0.79136	0.003741	-2.20873	0.006199	1.38462
0.50216	1.57063	-0.791363	0.003659	-2.20873	0.006052	1.38466
0.50316	1.57064	-0.791366	0.003578	-2.20872	0.005908	1.3847
0.50416	1.57064	-0.791369	0.003499	-2.20872	0.005765	1.38474
0.50516	1.57065	-0.791371	0.003421	-2.20871	0.005624	1.38478
0.50616	1.57065	-0.791373	0.003343	-2.20871	0.005486	1.38482
0.50716	1.57066	-0.791374	0.003267	-2.20871	0.00535	1.38487
0.50816	1.57067	-0.791376	0.003192	-2.2087	0.005215	1.38492
0.50916	1.57067	-0.791376	0.003119	-2.2087	0.005083	1.38497
0.51016	1.57068	-0.791377	0.003046	-2.20869	0.004952	1.38502
0.51116	1.57068	-0.791377	0.002974	-2.20869	0.004824	1.38507
0.51216	1.57069	-0.791377	0.002904	-2.20868	0.004697	1.38512
0.51316	1.57069	-0.791376	0.002834	-2.20868	0.004573	1.38518
0.51416	1.5707	-0.791375	0.002766	-2.20867	0.00445	1.38523
0.51516	1.5707	-0.791374	0.002698	-2.20867	0.00433	1.38529
0.51616	1.57071	-0.791373	0.002632	-2.20866	0.004211	1.38535
0.51716	1.57071	-0.791371	0.002566	-2.20866	0.004094	1.38541
0.51816	1.57071	-0.791369	0.002502	-2.20865	0.003979	1.38547
0.51916	1.57072	-0.791367	0.002439	-2.20865	0.003866	1.38553
0.52016	1.57072	-0.791365	0.002376	-2.20864	0.003755	1.3856
0.52116	1.57073	-0.791362	0.002315	-2.20864	0.003645	1.38566
0.52216	1.57073	-0.791359	0.002255	-2.20863	0.003537	1.38573
0.52316	1.57073	-0.791356	0.002195	-2.20863	0.003431	1.3858
0.52416	1.57074	-0.791353	0.002137	-2.20863	0.003327	1.38586
0.52516	1.57074	-0.791349	0.002079	-2.20862	0.003225	1.38593
0.52616	1.57074	-0.791345	0.002023	-2.20861	0.003124	1.386
0.52716	1.57075	-0.791341	0.001967	-2.20861	0.003025	1.38607
0.52816	1.57075	-0.791337	0.001912	-2.20861	0.002928	1.38614
0.52916	1.57075	-0.791333	0.001859	-2.2086	0.002832	1.38621
0.53016	1.57075	-0.791328	0.001806	-2.2086	0.002738	1.38629
0.53116	1.57076	-0.791323	0.001754	-2.20859	0.002646	1.38636
0.53216	1.57076	-0.791318	0.001702	-2.20859	0.002555	1.38643
0.53316	1.57076	-0.791313	0.001652	-2.20858	0.002466	1.38651
0.53416	1.57076	-0.791308	0.001603	-2.20858	0.002378	1.38658
0.53516	1.57077	-0.791302	0.001554	-2.20857	0.002292	1.38666
0.53616	1.57077	-0.791297	0.001506	-2.20857	0.002208	1.38673
0.53716	1.57077	-0.791291	0.00146	-2.20856	0.002125	1.38681
0.53816	1.57077	-0.791285	0.001414	-2.20856	0.002044	1.38689
0.53916	1.57078	-0.791279	0.001368	-2.20855	0.001964	1.38697
0.54016	1.57078	-0.791273	0.001324	-2.20855	0.001885	1.38704
0.54116	1.57078	-0.791267	0.00128	-2.20854	0.001808	1.38712
0.54216	1.57078	-0.79126	0.001237	-2.20854	0.001733	1.3872
0.54316	1.57078	-0.791254	0.001195	-2.20853	0.001659	1.38728
0.54416	1.57078	-0.791247	0.001154	-2.20853	0.001586	1.38736
0.54516	1.57079	-0.79124	0.001113	-2.20852	0.001515	1.38744
0.54616	1.57079	-0.791234	0.001074	-2.20852	0.001445	1.38752
0.54716	1.57079	-0.791227	0.001035	-2.20851	0.001377	1.38759
0.54816	1.57079	-0.79122	0.000996	-2.20851	0.00131	1.38767
0.54916	1.57079	-0.791212	0.000959	-2.20851	0.001244	1.38776
0.55016	1.57079	-0.791205	0.000922	-2.2085	0.001179	1.38783
0.55116	1.57079	-0.791198	0.000886	-2.2085	0.001116	1.38792
0.55216	1.57079	-0.79119	0.00085	-2.20849	0.001054	1.388
0.55316	1.57079	-0.791183	0.000815	-2.20849	0.000994	1.38808
0.55416	1.5708	-0.791176	0.000781	-2.20848	0.000934	1.38816
0.55516	1.5708	-0.791168	0.000748	-2.20848	0.000876	1.38824
0.55616	1.5708	-0.79116	0.000715	-2.20847	0.000819	1.38832
0.55716	1.5708	-0.791153	0.000683	-2.20847	0.000763	1.3884
0.55816	1.5708	-0.791145	0.000651	-2.20846	0.000709	1.38848
0.55916	1.5708	-0.791137	0.00062	-2.20846	0.000655	1.38856
0.56016	1.5708	-0.791129	0.00059	-2.20846	0.000603	1.38864
0.56116	1.5708	-0.791121	0.000561	-2.20845	0.000552	1.38872
0.56216	1.5708	-0.791113	0.000532	-2.20845	0.000502	1.3888
0.56316	1.5708	-0.791105	0.000503	-2.20844	0.000453	1.38888
0.56416	1.57081	-0.791097	0.000475	-2.20844	0.000406	1.38896
0.56516	1.57081	-0.791089	0.000448	-2.20844	0.000359	1.38904
0.56616	1.57081	-0.791081	0.000422	-2.20843	0.000313	1.38912
0.56716	1.57081	-0.791073	0.000396	-2.20843	0.000269	1.38919
0.56816	1.57081	-0.791065	0.00037	-2.20842	0.000225	1.38927
0.56916	1.57081	-0.791057	0.000345	-2.20842	0.000183	1.38935
0.57016	1.57081	-0.791049	0.000321	-2.20841	0.000141	1.38943
0.57116	1.57081	-0.79104	0.000297	-2.20841	0.000101	1.38951
0.57216	1.57081	-0.791032	0.000274	-2.2084	6.1e-05	1.38959
0.57316	1.57081	-0.791024	0.000251	-2.2084	2.3e-05	1.38966
0.57416	1.57081	-0.791016	0.000229	-2.2084	-1.5e-05	1.38974
0.57516	1.57081	-0.791007	0.000207	-2.20839	-5.1e-05	1.38982
0.57616	1.57081	-0.790999	0.000186	-2.20839	-8.7e-05	1.38989
0.57716	1.57081	-0.790991	0.000165	-2.20838	-0.000122	1.38997
0.57816	1.57081	-0.790983	0.000144	-2.20838	-0.000156	1.39004
0.57916	1.57081	-0.790975	0.000125	-2.20838	-0.000189	1.39012
0.58016	1.57081	-0.790966	0.000105	-2.20837	-0.000221	1.3902
0.58116	1.57081	-0.790958	8.7e-05	-2.20837	-0.000252	1.39027
0.58216	1.57081	-0.79095	6.8e-05	-2.20837	-0.000283	1.39034
0.58316	1.57081	-0.790942	5e-05	-2.20836	-0.000313	1.39042
0.58416	1.57081	-0.790934	3.3e-05	-2.20836	-0.000341	1.39049
0.58516	1.57081	-0.790925	1.6e-05	-2.20835	-0.000369	1.39056
0.58616	1.57081	-0.790917	-1e-06	-2.20835	-0.000397	1.39064
0.58716	1.57081	-0.790909	-1.7e-05	-2.20835	-0.000423	1.39071
0.58816	1.57081	-0.790901	-3.3e-05	-2.20834	-0.000449	1.39078
0.58916	1.57081	-0.790893	-4.8e-05	-2.20834	-0.000474	1.39085
0.59016	1.57081	-0.790885	-6.3e-05	-2.20834	-0.000498	1.39092
0.59116	1.57081	-0.790877	-7.8e-05	-2.20833	-0.000522	1.39099
0.59216	1.57081	-0.790869	-9.2e-05	-2.20833	-0.000544	1.39106
0.59316	1.57081	-0.790861	-0.000106	-2.20832	-0.000566	1.39113
0.59416	1.57081	-0.790853	-0.000119	-2.20832	-0.000588	1.3912
0.59516	1.57081	-0.790845	-0.000132	-2.20832	-0.000609	1.39127
0.59616	1.57081	-0.790837	-0.000145	-2.20831	-0.000629	1.39134
0.59716	1.57081	-0.79083	-0.000157	-2.20831	-0.000648	1.3914
0.59816	1.57081	-0.790822	-0.000169	-2.20831	-0.000667	1.39147
0.59916	1.57081	-0.790814	-0.000181	-2.20831	-0.000685	1.39154
0.60016	1.57081	-0.790806	-0.000192	-2.2083	-0.000702	1.3916
0.60116	1.57081	-0.790799	-0.000203	-2.2083	-0.000719	1.39167
0.60216	1.57081	-0.790791	-0.000213	-2.2083	-0.000735	1.39173
0.60316	1.57081	-0.790783	-0.000224	-2.20829	-0.000751	1.3918
0.60416	1.57081	-0.790776	-0.000234	-2.20829	-0.000766	1.39186
0.60516	1.57081	-0.790768	-0.000243	-2.20829	-0.000781	1.39192
0.60616	1.57081	-0.790761	-0.000253	-2.20828	-0.000795	1.39199
0.60716	1.57081	-0.790753	-0.000262	-2.20828	-0.000808	1.39205
0.60816	1.57081	-0.790746	-0.00027	-2.20828	-0.000821	1.39211
0.60916	1.57081	-0.790739	-0.000279	-2.20827	-0.000834	1.39217
0.61016	1.57081	-0.790732	-0.000287	-2.20827	-0.000845	1.39223
0.61116	1.57081	-0.790724	-0.000295	-2.20827	-0.000857	1.39229
0.61216	1.57081	-0.790717	-0.000302	-2.20826	-0.000868	1.39235
0.61316	1.57081	-0.79071	-0.00031	-2.20826	-0.000878	1.39241
0.61416	1.57081	-0.790703	-0.000317	-2.20826	-0.000888	1.39247
0.61516	1.57081	-0.790696	-0.000323	-2.20826	-0.000897	1.39252
0.61616	1.57081	-0.790689	-0.00033	-2.20825	-0.000906	1.39258
0.61716	1.57081	-0.790682	-0.000336	-2.20825	-0.000915	1.39264
0.61816	1.57081	-0.790675	-0.000342	-2.20825	-0.000923	1.39269
0.61916	1.57081	-0.790668	-0.000348	-2.20824	-0.00093	1.39275
0.62016	1.57081	-0.790662	-0.000353	-2.20824	-0.000938	1.3928
0.62116	1.57081	-0.790655	-0.000359	-2.20824	-0.000944	1.39285
0.62216	1.57081	-0.790648	-0.000364	-2.20824	-0.000951	1.39291
0.62316	1.57081	-0.790642	-0.000369	-2.20823	-0.000957	1.39296
0.62416	1.57081	-0.790635	-0.000373	-2.20823	-0.000962	1.39301
0.62516	1.57081	-0.790629	-0.000378	-2.20823	-0.000967	1.39307
0.62616	1.57081	-0.790622	-0.000382	-2.20823	-0.000972	1.39312
0.62716	1.57081	-0.790616	-0.000386	-2.20822	-0.000977	1.39317
0.62816	1.57081	-0.79061	-0.00039	-2.20822	-0.000981	1.39322
0.62916	1.57081	-0.790604	-0.000393	-2.20822	-0.000985	1.39327
0.63016	1.57081	-0.790597	-0.000397	-2.20822	-0.000988	1.39332
0.63116	1.57081	-0.790591	-0.0004	-2.20821	-0.000991	1.39336
0.63216	1.57081	-0.790585	-0.000403	-2.20821	-0.000994	1.39341
0.63316	1.57081	-0.790579	-0.000406	-2.20821	-0.000996	1.39346
0.63416	1.57081	-0.790573	-0.000408	-2.20821	-0.000998	1.39351
0.63516	1.57081	-0.790567	-0.000411	-2.2082	-0.001	1.39355
0.63616	1.57081	-0.790562	-0.000413	-2.2082	-0.001002	1.3936
0.63716	1.57081	-0.790556	-0.000415	-2.2082	-0.001003	1.39364
0.63816	1.57081	-0.79055	-0.000417	-2.2082	-0.001004	1.39369
0.63916	1.57081	-0.790544	-0.000419	-2.2082	-0.001005	1.39373
0.64016	1.57081	-0.790539	-0.000421	-2.20819	-0.001005	1.39377
0.64116	1.57081	-0.790533	-0.000422	-2.20819	-0.001005	1.39382
0.64216	1.57081	-0.790528	-0.000424	-2.20819	-0.001005	1.39386
0.64316	1.57081	-0.790522	-0.000425	-2.20819	-0.001005	1.3939
0.64416	1.57081	-0.790517	-0.000426	-2.20819	-0.001004	1.39394
0.64516	1.57081	-0.790512	-0.000427	-2.20818	-0.001003	1.39398
0.64616	1.57081	-0.790507	-0.000428	-2.20818	-0.001002	1.39402
0.64716	1.57081	-0.790502	-0.000428	-2.20818	-0.001001	1.39406
0.64816	1.57081	-0.790496	-0.000429	-2.20818	-0.000999	1.3941
0.64916	1.57081	-0.790491	-0.000429	-2.20818	-0.000997	1.39414
0.65016	1.57081	-0.790486	-0.000429	-2.20818	-0.000995	1.39418
0.65116	1.57081	-0.790481	-0.00043	-2.20817	-0.000993	1.39421
0.65216	1.57081	-0.790477	-0.00043	-2.20817	-0.000991	1.39425
0.65316	1.57081	-0.790472	-0.00043	-2.20817	-0.000988	1.39429
0.65416	1.5708	-0.790467	-0.000429	-2.20817	-0.000985	1.39432
0.65516	1.5708	-0.790462	-0.000429	-2.20817	-0.000983	1.39436
0.65616	1.5708	-0.790458	-0.000429	-2.20817	-0.000979	1.39439
0.65716	1.5708	-0.790453	-0.000428	-2.20816	-0.000976	1.39443
0.65816	1.5708	-0.790449	-0.000428	-2.20816	-0.000973	1.39446
0.65916	1.5708	-0.790444	-0.000427	-2.20816	-0.000969	1.3945
0.66016	1.5708	-0.79044	-0.000426	-2.20816	-0.000965	1.39453
0.66116	1.5708	-0.790436	-0.000425	-2.20816	-0.000961	1.39456
0.66216	1.5708	-0.790431	-0.000424	-2.20816	-0.000957	1.39459
0.66316	1.5708	-0.790427	-0.000423	-2.20815	-0.000953	1.39462
0.66416	1.5708	-0.790423	-0.000422	-2.20815	-0.000949	1.39465
0.66516	1.5708	-0.790419	-0.000421	-2.20815	-0.000944	1.39468
0.66616	1.5708	-0.790415	-0.00042	-2.20815	-0.00094	1.39471
0.66716	1.5708	-0.790411	-0.000418	-2.20815	-0.000935	1.39474
0.66816	1.5708	-0.790407	-0.000417	-2.20815	-0.00093	1.39477
0.66916	1.5708	-0.790403	-0.000415	-2.20815	-0.000925	1.3948
0.67016	1.5708	-0.790399	-0.000414	-2.20814	-0.00092	1.39483
0.67116	1.5708	-0.790395	-0.000412	-2.20814	-0.000915	1.39486
0.67216	1.5708	-0.790392	-0.00041	-2.20814	-0.00091	1.39488
0.67316	1.5708	-0.790388	-0.000409	-2.20814	-0.000904	1.39491
0.67416	1.5708	-0.790384	-0.000407	-2.20814	-0.000899	1.39494
0.67516	1.5708	-0.790381	-0.000405	-2.20814	-0.000893	1.39496
0.67616	1.5708	-0.790377	-0.000403	-2.20814	-0.000888	1.39499
0.67716	1.5708	-0.790374	-0.000401	-2.20814	-0.000882	1.39501
0.67816	1.5708	-0.790371	-0.000399	-2.20813	-0.000876	1.39504
0.67916	1.5708	-0.790367	-0.000397	-2.20813	-0.00087	1.39506
0.68016	1.5708	-0.790364	-0.000394	-2.20813	-0.000864	1.39509
0.68116	1.5708	-0.790361	-0.000392	-2.20813	-0.000858	1.39511
0.68216	1.5708	-0.790358	-0.00039	-2.20813	-0.000852	1.39513
0.68316	1.5708	-0.790354	-0.000388	-2.20813	-0.000846	1.39515
0.68416	1.5708	-0.790351	-0.000385	-2.20813	-0.00084	1.39518
0.68516	1.5708	-0.790348	-0.000383	-2.20813	-0.000833	1.3952
0.68616	1.5708	-0.790345	-0.00038	-2.20813	-0.000827	1.39522
0.68716	1.5708	-0.790342	-0.000378	-2.20812	-0.000821	1.39524
0.68816	1.5708	-0.790339	-0.000375	-2.20812	-0.000814	1.39526
0.68916	1.5708	-0.790337	-0.000373	-2.20812	-0.000808	1.39528
0.69016	1.5708	-0.790334	-0.00037	-2.20812	-0.000801	1.3953
0.69116	1.5708	-0.790331	-0.000368	-2.20812	-0.000795	1.39532
0.69216	1.5708	-0.790328	-0.000365	-2.20812	-0.000788	1.39534
0.69316	1.5708	-0.790326	-0.000362	-2.20812	-0.000781	1.39536
0.69416	1.5708	-0.790323	-0.00036	-2.20812	-0.000775	1.39538
0.69516	1.5708	-0.790321	-0.000357	-2.20812	-0.000768	1.39539
0.69616	1.5708	-0.790318	-0.000354	-2.20812	-0.000761	1.39541
0.69716	1.5708	-0.790316	-0.000351	-2.20812	-0.000754	1.39543
0.69816	1.5708	-0.790313	-0.000349	-2.20812	-0.000748	1.39545
0.69916	1.5708	-0.790311	-0.000346	-2.20812	-0.000741	1.39546
0.70016	1.5708	-0.790309	-0.000343	-2.20811	-0.000734	1.39548
0.70116	1.5708	-0.790306	-0.00034	-2.20811	-0.000727	1.39549
0.70216	1.5708	-0.790304	-0.000337	-2.20811	-0.00072	1.39551
0.70316	1.5708	-0.790302	-0.000334	-2.20811	-0.000713	1.39552
0.70416	1.5708	-0.7903	-0.000331	-2.20811	-0.000706	1.39554
0.70516	1.5708	-0.790298	-0.000329	-2.20811	-0.0007	1.39555
0.70616	1.5708	-0.790295	-0.000326	-2.20811	-0.000693	1.39557
0.70716	1.5708	-0.790293	-0.000323	-2.20811	-0.000686	1.39558
0.70816	1.5708	-0.790291	-0.00032	-2.20811	-0.000679	1.39559
0.70916	1.5708	-0.790289	-0.000317	-2.20811	-0.000672	1.39561
0.71016	1.5708	-0.790288	-0.000314	-2.20811	-0.000665	1.39562
0.71116	1.5708	-0.790286	-0.000311	-2.20811	-0.000658	1.39563
0.71216	1.5708	-0.790284	-0.000308	-2.20811	-0.000651	1.39565
0.71316	1.5708	-0.790282	-0.000305	-2.20811	-0.000644	1.39566
0.71416	1.5708	-0.79028	-0.000302	-2.20811	-0.000637	1.39567
0.71516	1.5708	-0.790279	-0.000299	-2.20811	-0.000631	1.39568
0.71616	1.5708	-0.790277	-0.000296	-2.20811	-0.000624	1.39569
0.71716	1.5708	-0.790275	-0.000293	-2.20811	-0.000617	1.3957
0.71816	1.5708	-0.790274	-0.00029	-2.20811	-0.00061	1.39572
0.71916	1.5708	-0.790272	-0.000287	-2.20811	-0.000603	1.39573
0.72016	1.5708	-0.790271	-0.000284	-2.2081	-0.000596	1.39573
0.72116	1.5708	-0.790269	-0.000281	-2.2081	-0.00059	1.39575
0.72216	1.5708	-0.790268	-0.000278	-2.2081	-0.000583	1.39576
0.72316	1.5708	-0.790266	-0.000275	-2.2081	-0.000576	1.39576
0.72416	1.5708	-0.790265	-0.000272	-2.2081	-0.000569	1.39577
0.72516	1.5708	-0.790263	-0.000269	-2.2081	-0.000563	1.39578
0.72616	1.5708	-0.790262	-0.000266	-2.2081	-0.000556	1.39579
0.72716	1.5708	-0.790261	-0.000263	-2.2081	-0.000549	1.3958
0.72816	1.5708	-0.790259	-0.00026	-2.2081	-0.000543	1.39581
0.72916	1.5708	-0.790258	-0.000257	-2.2081	-0.000536	1.39582
0.73016	1.5708	-0.790257	-0.000254	-2.2081	-0.000529	1.39582
0.73116	1.5708	-0.790256	-0.000251	-2.2081	-0.000523	1.39583
0.73216	1.5708	-0.790255	-0.000248	-2.2081	-0.000516	1.39584
0.73316	1.5708	-0.790253	-0.000245	-2.2081	-0.00051	1.39585
0.73416	1.5708	-0.790252	-0.000242	-2.2081	-0.000503	1.39585
0.73516	1.5708	-0.790251	-0.00024	-2.2081	-0.000497	1.39586
0.73616	1.5708	-0.79025	-0.000237	-2.2081	-0.000491	1.39586
0.73716	1.5708	-0.790249	-0.000234	-2.2081	-0.000484	1.39587
0.73816	1.5708	-0.790248	-0.000231	-2.2081	-0.000478	1.39588
0.73916	1.5708	-0.790247	-0.000228	-2.2081	-0.000472	1.39588
0.74016	1.5708	-0.790246	-0.000225	-2.2081	-0.000465	1.39589
0.74116	1.5708	-0.790245	-0.000222	-2.2081	-0.000459	1.39589
0.74216	1.5708	-0.790245	-0.00022	-2.2081	-0.000453	1.3959
0.74316	1.5708	-0.790244	-0.000217	-2.2081	-0.000447	1.3959
0.74416	1.5708	-0.790243	-0.000214	-2.2081	-0.000441	1.39591
0.74516	1.5708	-0.790242	-0.000211	-2.2081	-0.000435	1.39591
0.74616	1.5708	-0.790241	-0.000208	-2.2081	-0.000429	1.39592
0.74716	1.5708	-0.790241	-0.000206	-2.2081	-0.000423	1.39592
0.74816	1.5708	-0.79024	-0.000203	-2.2081	-0.000417	1.39593
0.74916	1.5708	-0.790239	-0.0002	-2.2081	-0.000411	1.39593
0.75016	1.5708	-0.790238	-0.000197	-2.2081	-0.000405	1.39593
0.75116	1.5708	-0.790238	-0.000195	-2.2081	-0.000399	1.39594
0.75216	1.5708	-0.790237	-0.000192	-2.2081	-0.000394	1.39594
0.75316	1.5708	-0.790237	-0.000189	-2.2081	-0.000388	1.39595
0.75416	1.5708	-0.790236	-0.000187	-2.2081	-0.000382	1.39595
0.75516	1.5708	-0.790235	-0.000184	-2.2081	-0.000377	1.39595
0.75616	1.5708	-0.790235	-0.000182	-2.2081	-0.000371	1.39596
0.75716	1.5708	-0.790234	-0.000179	-2.2081	-0.000365	1.39596
0.75816	1.5708	-0.790234	-0.000176	-2.2081	-0.00036	1.39596
0.75916	1.5708	-0.790233	-0.000174	-2.2081	-0.000354	1.39596
0.76016	1.5708	-0.790233	-0.000171	-2.2081	-0.000349	1.39597
0.76116	1.5708	-0.790232	-0.000169	-2.2081	-0.000344	1.39597
0.76216	1.5708	-0.790232	-0.000166	-2.2081	-0.000338	1.39597
0.76316	1.5708	-0.790231	-0.000164	-2.2081	-0.000333	1.39597
0.76416	1.5708	-0.790231	-0.000161	-2.2081	-0.000328	1.39597
0.76516	1.5708	-0.790231	-0.000159	-2.2081	-0.000323	1.39598
0.76616	1.5708	-0.79023	-0.000157	-2.2081	-0.000318	1.39598
0.76716	1.5708	-0.79023	-0.000154	-2.2081	-0.000313	1.39598
0.76816	1.5708	-0.79023	-0.000152	-2.2081	-0.000308	1.39598
0.76916	1.5708	-0.790229	-0.00015	-2.2081	-0.000303	1.39598
0.77016	1.5708	-0.790229	-0.000147	-2.2081	-0.000298	1.39598
0.77116	1.5708	-0.790229	-0.000145	-2.2081	-0.000293	1.39598
0.77216	1.5708	-0.790229	-0.000143	-2.2081	-0.000288	1.39599
0.77316	1.5708	-0.790228	-0.00014	-2.2081	-0.000283	1.39599
0.77416	1.5708	-0.790228	-0.000138	-2.2081	-0.000278	1.39599
0.77516	1.5708	-0.790228	-0.000136	-2.2081	-0.000274	1.39599
0.77616	1.5708	-0.790228	-0.000134	-2.2081	-0.000269	1.39599
0.77716	1.5708	-0.790227	-0.000131	-2.2081	-0.000264	1.39599
0.77816	1.5708	-0.790227	-0.000129	-2.2081	-0.00026	1.39599
0.77916	1.5708	-0.790227	-0.000127	-2.2081	-0.000255	1.39599
0.78016	1.5708	-0.790227	-0.000125	-2.2081	-0.000251	1.39599
0.78116	1.5708	-0.790227	-0.000123	-2.2081	-0.000246	1.39599
0.78216	1.5708	-0.790227	-0.000121	-2.2081	-0.000242	1.39599
0.78316	1.5708	-0.790227	-0.000119	-2.2081	-0.000238	1.39599
0.78416	1.5708	-0.790226	-0.000117	-2.2081	-0.000233	1.39599
0.78516	1.5708	-0.790226	-0.000115	-2.2081	-0.000229	1.39599
0.78616	1.5708	-0.790226	-0.000113	-2.2081	-0.000225	1.39599
0.78716	1.5708	-0.790226	-0.000111	-2.2081	-0.000221	1.39599
0.78816	1.5708	-0.790226	-0.000109	-2.2081	-0.000217	1.39599
0.78916	1.5708	-0.790226	-0.000107	-2.2081	-0.000213	1.39599
0.79016	1.5708	-0.790226	-0.000105	-2.2081	-0.000209	1.39599
0.79116	1.5708	-0.790226	-0.000103	-2.2081	-0.000205	1.39599
0.79216	1.5708	-0.790226	-0.000101	-2.2081	-0.000201	1.39599
0.79316	1.5708	-0.790226	-9.9e-05	-2.2081	-0.000197	1.39599
0.79416	1.5708	-0.790226	-9.7e-05	-2.2081	-0.000193	1.39599
0.79516	1.5708	-0.790226	-9.6e-05	-2.2081	-0.000189	1.39598
0.79616	1.5708	-0.790226	-9.4e-05	-2.2081	-0.000186	1.39598
0.79716	1.5708	-0.790226	-9.2e-05	-2.2081	-0.000182	1.39598
0.79816	1.5708	-0.790226	-9e-05	-2.2081	-0.000178	1.39598
0.79916	1.5708	-0.790226	-8.9e-05	-2.2081	-0.000175	1.39598
0.80016	1.5708	-0.790226	-8.7e-05	-2.2081	-0.000171	1.39598
0.80116	1.5708	-0.790226	-8.5e-05	-2.2081	-0.000168	1.39598
0.80216	1.5708	-0.790226	-8.4e-05	-2.2081	-0.000164	1.39598
0.80316	1.5708	-0.790227	-8.2e-05	-2.2081	-0.000161	1.39598
0.80416	1.5708	-0.790227	-8e-05	-2.2081	-0.000158	1.39597
0.80516	1.5708	-0.790227	-7.9e-05	-2.2081	-0.000154	1.39597
0.80616	1.5708	-0.790227	-7.7e-05	-2.2081	-0.000151	1.39597
0.80716	1.5708	-0.790227	-7.6e-05	-2.2081	-0.000148	1.39597
0.80816	1.5708	-0.790227	-7.4e-05	-2.2081	-0.000145	1.39597
0.80916	1.5708	-0.790227	-7.2e-05	-2.2081	-0.000141	1.39597
0.81016	1.5708	-0.790227	-7.1e-05	-2.2081	-0.000138	1.39596
0.81116	1.5708	-0.790228	-6.9e-05	-2.2081	-0.000135	1.39596
0.81216	1.5708	-0.790228	-6.8e-05	-2.2081	-0.000132	1.39596
0.81316	1.5708	-0.790228	-6.7e-05	-2.2081	-0.000129	1.39596
0.81416	1.5708	-0.790228	-6.5e-05	-2.2081	-0.000126	1.39596
0.81516	1.5708	-0.790228	-6.4e-05	-2.20811	-0.000123	1.39596
0.81616	1.5708	-0.790228	-6.2e-05	-2.20811	-0.000121	1.39596
0.81716	1.5708	-0.790228	-6.1e-05	-2.20811	-0.000118	1.39595
0.81816	1.5708	-0.790229	-6e-05	-2.20811	-0.000115	1.39595
0.81916	1.5708	-0.790229	-5.8e-05	-2.20811	-0.000112	1.39595
0.82016	1.5708	-0.790229	-5.7e-05	-2.20811	-0.00011	1.39595
0.82116	1.5708	-0.790229	-5.6e-05	-2.20811	-0.000107	1.39595
0.82216	1.5708	-0.790229	-5.4e-05	-2.20811	-0.000104	1.39594
0.82316	1.5708	-0.79023	-5.3e-05	-2.20811	-0.000102	1.39594
0.82416	1.5708	-0.79023	-5.2e-05	-2.20811	-9.9e-05	1.39594
0.82516	1.5708	-0.79023	-5.1e-05	-2.20811	-9.7e-05	1.39594
0.82616	1.5708	-0.79023	-4.9e-05	-2.20811	-9.4e-05	1.39594
0.82716	1.5708	-0.79023	-4.8e-05	-2.20811	-9.2e-05	1.39593
0.82816	1.5708	-0.790231	-4.7e-05	-2.20811	-8.9e-05	1.39593
0.82916	1.5708	-0.790231	-4.6e-05	-2.20811	-8.7e-05	1.39593
0.83016	1.5708	-0.790231	-4.5e-05	-2.20811	-8.5e-05	1.39593
0.83116	1.5708	-0.790231	-4.4e-05	-2.20811	-8.3e-05	1.39593
0.83216	1.5708	-0.790232	-4.2e-05	-2.20811	-8e-05	1.39592
0.83316	1.5708	-0.790232	-4.1e-05	-2.20811	-7.8e-05	1.39592
0.83416	1.5708	-0.790232	-4e-05	-2.20811	-7.6e-05	1.39592
0.83516	1.5708	-0.790232	-3.9e-05	-2.20811	-7.4e-05	1.39592
0.83616	1.5708	-0.790233	-3.8e-05	-2.20811	-7.2e-05	1.39592
0.83716	1.5708	-0.790233	-3.7e-05	-2.20811	-7e-05	1.39591
0.83816	1.5708	-0.790233	-3.6e-05	-2.20811	-6.8e-05	1.39591
0.83916	1.5708	-0.790233	-3.5e-05	-2.20811	-6.6e-05	1.39591
0.84016	1.5708	-0.790234	-3.4e-05	-2.20811	-6.4e-05	1.39591
0.84116	1.5708	-0.790234	-3.3e-05	-2.20811	-6.2e-05	1.3959
0.84216	1.5708	-0.790234	-3.2e-05	-2.20811	-6e-05	1.3959
0.84316	1.5708	-0.790234	-3.1e-05	-2.20811	-5.8e-05	1.3959
0.84416	1.5708	-0.790235	-3e-05	-2.20811	-5.6e-05	1.3959
0.84516	1.5708	-0.790235	-2.9e-05	-2.20811	-5.4e-05	1.3959
0.84616	1.5708	-0.790235	-2.9e-05	-2.20811	-5.2e-05	1.39589
0.84716	1.5708	-0.790235	-2.8e-05	-2.20811	-5.1e-05	1.39589
0.84816	1.5708	-0.790236	-2.7e-05	-2.20811	-4.9e-05	1.39589
0.84916	1.5708	-0.790236	-2.6e-05	-2.20811	-4.7e-05	1.39589
0.85016	1.5708	-0.790236	-2.5e-05	-2.20811	-4.6e-05	1.39589
0.85116	1.5708	-0.790236	-2.4e-05	-2.20811	-4.4e-05	1.39588
0.85216	1.5708	-0.790237	-2.4e-05	-2.20811	-4.2e-05	1.39588
0.85316	1.5708	-0.790237	-2.3e-05	-2.20811	-4.1e-05	1.39588
0.85416	1.5708	-0.790237	-2.2e-05	-2.20811	-3.9e-05	1.39588
0.85516	1.5708	-0.790238	-2.1e-05	-2.20811	-3.8e-05	1.39587
0.85616	1.5708	-0.790238	-2e-05	-2.20811	-3.6e-05	1.39587
0.85716	1.5708	-0.790238	-2e-05	-2.20811	-3.5e-05	1.39587
0.85816	1.5708	-0.790238	-1.9e-05	-2.20811	-3.3e-05	1.39587
0.85916	1.5708	-0.790239	-1.8e-05	-2.20811	-3.2e-05	1.39586
0.86016	1.5708	-0.790239	-1.8e-05	-2.20811	-3.1e-05	1.39586
0.86116	1.5708	-0.790239	-1.7e-05	-2.20811	-2.9e-05	1.39586
0.86216	1.5708	-0.790239	-1.6e-05	-2.20811	-2.8e-05	1.39586
0.86316	1.5708	-0.79024	-1.6e-05	-2.20811	-2.7e-05	1.39586
0.86416	1.5708	-0.79024	-1.5e-05	-2.20811	-2.5e-05	1.39585
0.86516	1.5708	-0.79024	-1.4e-05	-2.20811	-2.4e-05	1.39585
0.86616	1.5708	-0.790241	-1.4e-05	-2.20811	-2.3e-05	1.39585
0.86716	1.5708	-0.790241	-1.3e-05	-2.20811	-2.2e-05	1.39585
0.86816	1.5708	-0.790241	-1.3e-05	-2.20811	-2.1e-05	1.39585
0.86916	1.5708	-0.790241	-1.2e-05	-2.20812	-2e-05	1.39584
0.87016	1.5708	-0.790242	-1.1e-05	-2.20812	-1.8e-05	1.39584
0.87116	1.5708	-0.790242	-1.1e-05	-2.20812	-1.7e-05	1.39584
0.87216	1.5708	-0.790242	-1e-05	-2.20812	-1.6e-05	1.39584
0.87316	1.5708	-0.790242	-1e-05	-2.20812	-1.5e-05	1.39583
0.87416	1.5708	-0.790243	-9e-06	-2.20812	-1.4e-05	1.39583
0.87516	1.5708	-0.790243	-9e-06	-2.20812	-1.3e-05	1.39583
0.87616	1.5708	-0.790243	-8e-06	-2.20812	-1.2e-05	1.39583
0.87716	1.5708	-0.790243	-8e-06	-2.20812	-1.1e-05	1.39583
0.87816	1.5708	-0.790244	-7e-06	-2.20812	-1e-05	1.39583
0.87916	1.5708	-0.790244	-7e-06	-2.20812	-9e-06	1.39582
0.88016	1.5708	-0.790244	-6e-06	-2.20812	-8e-06	1.39582
0.88116	1.5708	-0.790245	-6e-06	-2.20812	-8e-06	1.39582
0.88216	1.5708	-0.790245	-5e-06	-2.20812	-7e-06	1.39582
0.88316	1.5708	-0.790245	-5e-06	-2.20812	-6e-06	1.39582
0.88416	1.5708	-0.790245	-5e-06	-2.20812	-5e-06	1.39581
0.88516	1.5708	-0.790246	-4e-06	-2.20812	-4e-06	1.39581
0.88616	1.5708	-0.790246	-4e-06	-2.20812	-3e-06	1.39581
0.88716	1.5708	-0.790246	-3e-06	-2.20812	-3e-06	1.39581
0.88816	1.5708	-0.790246	-3e-06	-2.20812	-2e-06	1.39581
0.88916	1.5708	-0.790247	-3e-06	-2.20812	-1e-06	1.3958
0.89016	1.5708	-0.790247	-2e-06	-2.20812	-0	1.3958
0.89116	1.5708	-0.790247	-2e-06	-2.20812	0	1.3958
0.89216	1.5708	-0.790247	-1e-06	-2.20812	1e-06	1.3958
0.89316	1.5708	-0.790248	-1e-06	-2.20812	2e-06	1.3958
0.89416	1.5708	-0.790248	-1e-06	-2.20812	2e-06	1.39579
0.89516	1.5708	-0.790248	-0	-2.20812	3e-06	1.39579
0.89616	1.5708	-0.790248	-0	-2.20812	3e-06	1.39579
0.89716	1.5708	-0.790249	0	-2.20812	4e-06	1.39579
0.89816	1.5708	-0.790249	0	-2.20812	5e-06	1.39579
0.89916	1.5708	-0.790249	1e-06	-2.20812	5e-06	1.39579
0.90016	1.5708	-0.790249	1e-06	-2.20812	6e-06	1.39578
0.90116	1.5708	-0.790249	1e-06	-2.20812	6e-06	1.39578
0.90216	1.5708	-0.79025	2e-06	-2.20812	7e-06	1.39578
0.90316	1.5708	-0.79025	2e-06	-2.20812	7e-06	1.39578
0.90416	1.5708	-0.79025	2e-06	-2.20812	8e-06	1.39578
0.90516	1.5708	-0.79025	2e-06	-2.20812	8e-06	1.39577
0.90616	1.5708	-0.790251	3e-06	-2.20812	9e-06	1.39577
0.90716	1.5708	-0.790251	3e-06	-2.20812	9e-06	1.39577
0.90816	1.5708	-0.790251	3e-06	-2.20812	1e-05	1.39577
0.90916	1.5708	-0.790251	3e-06	-2.20812	1e-05	1.39577
0.91016	1.5708	-0.790251	4e-06	-2.20812	1e-05	1.39577
0.91116	1.5708	-0.790252	4e-06	-2.20812	1.1e-05	1.39577
0.91216	1.5708	-0.790252	4e-06	-2.20812	1.1e-05	1.39576
0.91316	1.5708	-0.790252	4e-06	-2.20812	1.1e-05	1.39576
0.91416	1.5708	-0.790252	4e-06	-2.20812	1.2e-05	1.39576
0.91516	1.5708	-0.790253	5e-06	-2.20812	1.2e-05	1.39576
0.91616	1.5708	-0.790253	5e-06	-2.20812	1.2e-05	1.39576
0.91716	1.5708	-0.790253	5e-06	-2.20812	1.3e-05	1.39576
0.91816	1.5708	-0.790253	5e-06	-2.20812	1.3e-05	1.39576
0.91916	1.5708	-0.790253	5e-06	-2.20812	1.3e-05	1.39575
0.92016	1.5708	-0.790254	5e-06	-2.20812	1.4e-05	1.39575
0.92116	1.5708	-0.790254	6e-06	-2.20812	1.4e-05	1.39575
0.92216	1.5708	-0.790254	6e-06	-2.20812	1.4e-05	1.39575
0.92316	1.5708	-0.790254	6e-06	-2.20812	1.4e-05	1.39575
0.92416	1.5708	-0.790254	6e-06	-2.20812	1.5e-05	1.39575
0.92516	1.5708	-0.790254	6e-06	-2.20812	1.5e-05	1.39575
0.92616	1.5708	-0.790255	6e-06	-2.20812	1.5e-05	1.39574
0.92716	1.5708	-0.790255	6e-06	-2.20812	1.5e-05	1.39574
0.92816	1.5708	-0.790255	7e-06	-2.20812	1.6e-05	1.39574
0.92916	1.5708	-0.790255	7e-06	-2.20812	1.6e-05	1.39574
0.93016	1.5708	-0.790255	7e-06	-2.20812	1.6e-05	1.39574
0.93116	1.5708	-0.790256	7e-06	-2.20812	1.6e-05	1.39574
0.93216	1.5708	-0.790256	7e-06	-2.20812	1.6e-05	1.39574
0.93316	1.5708	-0.790256	7e-06	-2.20812	1.7e-05	1.39573
0.93416	1.5708	-0.790256	7e-06	-2.20812	1.7e-05	1.39573
0.93516	1.5708	-0.790256	7e-06	-2.20813	1.7e-05	1.39573
0.93616	1.5708	-0.790256	7e-06	-2.20813	1.7e-05	1.39573
0.93716	1.5708	-0.790257	7e-06	-2.20813	1.7e-05	1.39573
0.93816	1.5708	-0.790257	7e-06	-2.20813	1.7e-05	1.39573
0.93916	1.5708	-0.790257	8e-06	-2.20813	1.7e-05	1.39573
0.94016	1.5708	-0.790257	8e-06	-2.20813	1.7e-05	1.39573
0.94116	1.5708	-0.790257	8e-06	-2.20813	1.8e-05	1.39573
0.94216	1.5708	-0.790257	8e-06	-2.20813	1.8e-05	1.39573
0.94316	1.5708	-0.790258	8e-06	-2.20813	1.8e-05	1.39572
0.94416	1.5708	-0.790258	8e-06	-2.20813	1.8e-05	1.39572
0.94516	1.5708	-0.790258	8e-06	-2.20813	1.8e-05	1.39572
0.94616	1.5708	-0.790258	8e-06	-2.20813	1.8e-05	1.39572
0.94716	1.5708	-0.790258	8e-06	-2.20813	1.8e-05	1.39572
0.94816	1.5708	-0.790258	8e-06	-2.20813	1.8e-05	1.39572
0.94916	1.5708	-0.790258	8e-06	-2.20813	1.8e-05	1.39572
0.95016	1.5708	-0.790259	8e-06	-2.20813	1.8e-05	1.39572
0.95116	1.5708	-0.790259	8e-06	-2.20813	1.8e-05	1.39572
0.95216	1.5708	-0.790259	8e-06	-2.20813	1.8e-05	1.39572
0.95316	1.5708	-0.790259	8e-06	-2.20813	1.8e-05	1.39571
0.95416	1.5708	-0.790259	8e-06	-2.20813	1.8e-05	1.39571
0.95516	1.5708	-0.790259	8e-06	-2.20813	1.8e-05	1.39571
0.95616	1.5708	-0.790259	8e-06	-2.20813	1.8e-05	1.39571
0.95716	1.5708	-0.790259	8e-06	-2.20813	1.8e-05	1.39571
0.95816	1.5708	-0.79026	8e-06	-2.20813	1.8e-05	1.39571
0.95916	1.5708	-0.79026	8e-06	-2.20813	1.8e-05	1.39571
0.96016	1.5708	-0.79026	8e-06	-2.20813	1.8e-05	1.39571
0.96116	1.5708	-0.79026	8e-06	-2.20813	1.8e-05	1.39571
0.96216	1.5708	-0.79026	8e-06	-2.20813	1.8e-05	1.39571
0.96316	1.5708	-0.79026	8e-06	-2.20813	1.8e-05	1.39571
0.96416	1.5708	-0.79026	8e-06	-2.20813	1.8e-05	1.3957
0.96516	1.5708	-0.79026	8e-06	-2.20813	1.8e-05	1.3957
0.96616	1.5708	-0.790261	8e-06	-2.20813	1.8e-05	1.3957
0.96716	1.5708	-0.790261	8e-06	-2.20813	1.8e-05	1.3957
0.96816	1.5708	-0.790261	8e-06	-2.20813	1.8e-05	1.3957
0.96916	1.5708	-0.790261	8e-06	-2.20813	1.8e-05	1.3957
0.97016	1.5708	-0.790261	8e-06	-2.20813	1.8e-05	1.3957
0.97116	1.5708	-0.790261	8e-06	-2.20813	1.8e-05	1.3957
0.97216	1.5708	-0.790261	8e-06	-2.20813	1.8e-05	1.3957
0.97316	1.5708	-0.790261	8e-06	-2.20813	1.8e-05	1.3957
0.97416	1.5708	-0.790261	8e-06	-2.20813	1.8e-05	1.3957
0.97516	1.5708	-0.790261	8e-06	-2.20813	1.8e-05	1.3957
0.97616	1.5708	-0.790262	8e-06	-2.20813	1.8e-05	1.3957
0.97716	1.5708	-0.790262	8e-06	-2.20813	1.7e-05	1.3957
0.97816	1.5708	-0.790262	8e-06	-2.20813	1.7e-05	1.39569
0.97916	1.5708	-0.790262	8e-06	-2.20813	1.7e-05	1.39569
0.98016	1.5708	-0.790262	8e-06	-2.20813	1.7e-05	1.39569
0.98116	1.5708	-0.790262	8e-06	-2.20813	1.7e-05	1.39569
0.98216	1.5708	-0.790262	8e-06	-2.20813	1.7e-05	1.39569
0.98316	1.5708	-0.790262	8e-06	-2.20813	1.7e-05	1.39569
0.98416	1.5708	-0.790262	8e-06	-2.20813	1.7e-05	1.39569
0.98516	1.5708	-0.790262	8e-06	-2.20813	1.7e-05	1.39569
0.98616	1.5708	-0.790262	8e-06	-2.20813	1.7e-05	1.39569
0.98716	1.5708	-0.790263	8e-06	-2.20813	1.7e-05	1.39569
0.98816	1.5708	-0.790263	8e-06	-2.20813	1.7e-05	1.39569
0.98916	1.5708	-0.790263	8e-06	-2.20813	1.6e-05	1.39569
0.99016	1.5708	-0.790263	8e-06	-2.20813	1.6e-05	1.39569
0.99116	1.5708	-0.790263	8e-06	-2.20813	1.6e-05	1.39569
0.99216	1.5708	-0.790263	8e-06	-2.20813	1.6e-05	1.39569
0.99316	1.5708	-0.790263	8e-06	-2.20813	1.6e-05	1.39569
0.99416	1.5708	-0.790263	8e-06	-2.20813	1.6e-05	1.39569
0.99516	1.5708	-0.790263	8e-06	-2.20813	1.6e-05	1.39569
0.99616	1.5708	-0.790263	7e-06	-2.20813	1.6e-05	1.39569
0.99716	1.5708	-0.790263	7e-06	-2.20813	1.6e-05	1.39569
0.99816	1.5708	-0.790263	7e-06	-2.20813	1.6e-05	1.39569
0.99916	1.5708	-0.790263	7e-06	-2.20813	1.5e-05	1.39569
1.00016	1.5708	-0.790263	7e-06	-2.20813	1.5e-05	1.39568
1.00116	1.5708	-0.790264	7e-06	-2.20813	1.5e-05	1.39568
1.00216	1.5708	-0.790264	7e-06	-2.20813	1.5e-05	1.39568
1.00316	1.5708	-0.790264	7e-06	-2.20813	1.5e-05	1.39568
1.00416	1.5708	-0.790264	7e-06	-2.20813	1.5e-05	1.39568
1.00516	1.5708	-0.790264	7e-06	-2.20813	1.5e-05	1.39568
1.00616	1.5708	-0.790264	7e-06	-2.20813	1.5e-05	1.39568
1.00716	1.5708	-0.790264	7e-06	-2.20813	1.4e-05	1.39568
1.00816	1.5708	-0.790264	7e-06	-2.20813	1.4e-05	1.39568
1.00916	1.5708	-0.790264	7e-06	-2.20813	1.4e-05	1.39568
1.01016	1.5708	-0.790264	7e-06	-2.20813	1.4e-05	1.39568
1.01116	1.5708	-0.790264	7e-06	-2.20813	1.4e-05	1.39568
1.01216	1.5708	-0.790264	7e-06	-2.20813	1.4e-05	1.39568
1.01316	1.5708	-0.790264	7e-06	-2.20813	1.4e-05	1.39568
1.01416	1.5708	-0.790264	7e-06	-2.20813	1.4e-05	1.39568
1.01516	1.5708	-0.790264	7e-06	-2.20813	1.3e-05	1.39568
1.01616	1.5708	-0.790264	6e-06	-2.20813	1.3e-05	1.39568
1.01716	1.5708	-0.790264	6e-06	-2.20813	1.3e-05	1.39568
1.01816	1.5708	-0.790264	6e-06	-2.20813	1.3e-05	1.39568
1.01916	1.5708	-0.790264	6e-06	-2.20813	1.3e-05	1.39568
1.02016	1.5708	-0.790264	6e-06	-2.20813	1.3e-05	1.39568
1.02116	1.5708	-0.790265	6e-06	-2.20813	1.3e-05	1.39568
1.02216	1.5708	-0.790265	6e-06	-2.20813	1.3e-05	1.39568
1.02316	1.5708	-0.790265	6e-06	-2.20813	1.2e-05	1.39568
1.02416	1.5708	-0.790265	6e-06	-2.20813	1.2e-05	1.39568
1.02516	1.5708	-0.790265	6e-06	-2.20813	1.2e-05	1.39568
1.02616	1.5708	-0.790265	6e-06	-2.20813	1.2e-05	1.39568
1.02716	1.5708	-0.790265	6e-06	-2.20813	1.2e-05	1.39568
1.02816	1.5708	-0.790265	6e-06	-2.20813	1.2e-05	1.39568
1.02916	1.5708	-0.790265	6e-06	-2.20813	1.2e-05	1.39568
1.03016	1.5708	-0.790265	6e-06	-2.20813	1.2e-05	1.39568
1.03116	1.5708	-0.790265	6e-06	-2.20813	1.1e-05	1.39568
1.03216	1.5708	-0.790265	6e-06	-2.20813	1.1e-05	1.39568
1.03316	1.5708	-0.790265	5e-06	-2.20813	1.1e-05	1.39568
1.03416	1.5708	-0.790265	5e-06	-2.20813	1.1e-05	1.39567
1.03516	1.5708	-0.790265	5e-06	-2.20813	1.1e-05	1.39567
1.03616	1.5708	-0.790265	5e-06	-2.20813	1.1e-05	1.39567
1.03716	1.5708	-0.790265	5e-06	-2.20813	1.1e-05	1.39567
1.03816	1.5708	-0.790265	5e-06	-2.20813	1.1e-05	1.39567
1.03916	1.5708	-0.790265	5e-06	-2.20813	1e-05	1.39567
1.04016	1.5708	-0.790265	5e-06	-2.20813	1e-05	1.39567
1.04116	1.5708	-0.790265	5e-06	-2.20813	1e-05	1.39567
1.04216	1.5708	-0.790265	5e-06	-2.20813	1e-05	1.39567
1.04316	1.5708	-0.790265	5e-06	-2.20813	1e-05	1.39567
1.04416	1.5708	-0.790265	5e-06	-2.20813	1e-05	1.39567
1.04516	1.5708	-0.790265	5e-06	-2.20813	1e-05	1.39567
1.04616	1.5708	-0.790265	5e-06	-2.20813	1e-05	1.39567
1.04716	1.5708	-0.790265	5e-06	-2.20813	1e-05	1.39567
1.04816	1.5708	-0.790265	5e-06	-2.20813	9e-06	1.39567
1.04916	1.5708	-0.790265	5e-06	-2.20813	9e-06	1.39567
1.05016	1.5708	-0.790265	5e-06	-2.20813	9e-06	1.39567
1.05116	1.5708	-0.790265	4e-06	-2.20813	9e-06	1.39567
1.05216	1.5708	-0.790265	4e-06	-2.20813	9e-06	1.39567
1.05316	1.5708	-0.790265	4e-06	-2.20813	9e-06	1.39567
1.05416	1.5708	-0.790265	4e-06	-2.20813	9e-06	1.39567
1.05516	1.5708	-0.790265	4e-06	-2.20813	9e-06	1.39567
1.05616	1.5708	-0.790265	4e-06	-2.20813	8e-06	1.39567
1.05716	1.5708	-0.790265	4e-06	-2.20813	8e-06	1.39567
1.05816	1.5708	-0.790265	4e-06	-2.20813	8e-06	1.39567
1.05916	1.5708	-0.790265	4e-06	-2.20813	8e-06	1.39567
1.06016	1.5708	-0.790265	4e-06	-2.20813	8e-06	1.39567
1.06116	1.5708	-0.790265	4e-06	-2.20813	8e-06	1.39567
1.06216	1.5708	-0.790265	4e-06	-2.20813	8e-06	1.39567
1.06316	1.5708	-0.790266	4e-06	-2.20813	8e-06	1.39567
1.06416	1.5708	-0.790266	4e-06	-2.20813	8e-06	1.39567
1.06516	1.5708	-0.790266	4e-06	-2.20813	7e-06	1.39567
1.06616	1.5708	-0.790266	4e-06	-2.20813	7e-06	1.39567
1.06716	1.5708	-0.790266	4e-06	-2.20813	7e-06	1.39567
1.06816	1.5708	-0.790266	4e-06	-2.20813	7e-06	1.39567
1.06916	1.5708	-0.790266	4e-06	-2.20813	7e-06	1.39567
1.07016	1.5708	-0.790266	3e-06	-2.20813	7e-06	1.39567
1.07116	1.5708	-0.790266	3e-06	-2.20813	7e-06	1.39567
1.07216	1.5708	-0.790266	3e-06	-2.20813	7e-06	1.39567
1.07316	1.5708	-0.790266	3e-06	-2.20813	7e-06	1.39567
1.07416	1.5708	-0.790266	3e-06	-2.20813	7e-06	1.39567
1.07516	1.5708	-0.790266	3e-06	-2.20813	6e-06	1.39567
1.07616	1.5708	-0.790266	3e-06	-2.20813	6e-06	1.39567
1.07716	1.5708	-0.790266	3e-06	-2.20813	6e-06	1.39567
1.07816	1.5708	-0.790266	3e-06	-2.20813	6e-06	1.39567
1.07916	1.5708	-0.790266	3e-06	-2.20813	6e-06	1.39567
1.08016	1.5708	-0.790266	3e-06	-2.20813	6e-06	1.39567
1.08116	1.5708	-0.790266	3e-06	-2.20813	6e-06	1.39567
1.08216	1.5708	-0.790266	3e-06	-2.20813	6e-06	1.39567
1.08316	1.5708	-0.790266	3e-06	-2.20813	6e-06	1.39567
1.08416	1.5708	-0.790266	3e-06	-2.20813	6e-06	1.39567
1.08516	1.5708	-0.790266	3e-06	-2.20813	5e-06	1.39567
1.08616	1.5708	-0.790266	3e-06	-2.20813	5e-06	1.39567
1.08716	1.5708	-0.790266	3e-06	-2.20813	5e-06	1.39567
1.08816	1.5708	-0.790266	3e-06	-2.20813	5e-06	1.39567
1.08916	1.5708	-0.790266	3e-06	-2.20813	5e-06	1.39567
1.09016	1.5708	-0.790266	3e-06	-2.20813	5e-06	1.39567
1.09116	1.5708	-0.790266	3e-06	-2.20813	5e-06	1.39567
1.09216	1.5708	-0.790266	2e-06	-2.20813	5e-06	1.39567
1.09316	1.5708	-0.790266	2e-06	-2.20813	5e-06	1.39567
1.09416	1.5708	-0.790266	2e-06	-2.20813	5e-06	1.39567
1.09516	1.5708	-0.790266	2e-06	-2.20813	5e-06	1.39567
1.09616	1.5708	-0.790266	2e-06	-2.20813	5e-06	1.39567
1.09716	1.5708	-0.790266	2e-06	-2.20813	4e-06	1.39567
1.09816	1.5708	-0.790266	2e-06	-2.20813	4e-06	1.39567
1.09916	1.5708	-0.790266	2e-06	-2.20813	4e-06	1.39567
1.10016	1.5708	-0.790266	2e-06	-2.20813	4e-06	1.39567
1.10116	1.5708	-0.790266	2e-06	-2.20813	4e-06	1.39567
1.10216	1.5708	-0.790266	2e-06	-2.20813	4e-06	1.39567
1.10316	1.5708	-0.790266	2e-06	-2.20813	4e-06	1.39567
1.10416	1.5708	-0.790266	2e-06	-2.20813	4e-06	1.39567
1.10516	1.5708	-0.790266	2e-06	-2.20813	4e-06	1.39567
1.10616	1.5708	-0.790266	2e-06	-2.20813	4e-06	1.39567
1.10716	1.5708	-0.790266	2e-06	-2.20813	4e-06	1.39567
1.10816	1.5708	-0.790265	2e-06	-2.20813	4e-06	1.39567
1.10916	1.5708	-0.790265	2e-06	-2.20813	4e-06	1.39567
1.11016	1.5708	-0.790265	2e-06	-2.20813	3e-06	1.39567
1.11116	1.5708	-0.790265	2e-06	-2.20813	3e-06	1.39567
1.11216	1.5708	-0.790265	2e-06	-2.20813	3e-06	1.39567
1.11316	1.5708	-0.790265	2e-06	-2.20813	3e-06	1.39567
1.11416	1.5708	-0.790265	2e-06	-2.20813	3e-06	1.39567
1.11516	1.5708	-0.790265	2e-06	-2.20813	3e-06	1.39567
1.11616	1.5708	-0.790265	2e-06	-2.20813	3e-06	1.39567
1.11716	1.5708	-0.790265	2e-06	-2.20813	3e-06	1.39567
1.11816	1.5708	-0.790265	2e-06	-2.20813	3e-06	1.39567
1.11916	1.5708	-0.790265	2e-06	-2.20813	3e-06	1.39567
1.12016	1.5708	-0.790265	1e-06	-2.20813	3e-06	1.39567
1.12116	1.5708	-0.790265	1e-06	-2.20813	3e-06	1.39567
1.12216	1.5708	-0.790265	1e-06	-2.20813	3e-06	1.39567
1.12316	1.5708	-0.790265	1e-06	-2.20813	3e-06	1.39567
1.12416	1.5708	-0.790265	1e-06	-2.20813	3e-06	1.39567
1.12516	1.5708	-0.790265	1e-06	-2.20813	3e-06	1.39567
1.12616	1.5708	-0.790265	1e-06	-2.20813	2e-06	1.39567
1.12716	1.5708	-0.790265	1e-06	-2.20813	2e-06	1.39567
1.12816	1.5708	-0.790265	1e-06	-2.20813	2e-06	1.39567
1.12916	1.5708	-0.790265	1e-06	-2.20813	2e-06	1.39567
1.13016	1.5708	-0.790265	1e-06	-2.20813	2e-06	1.39567
1.13116	1.5708	-0.790265	1e-06	-2.20813	2e-06	1.39567
1.13216	1.5708	-0.790265	1e-06	-2.20813	2e-06	1.39567
1.13316	1.5708	-0.790265	1e-06	-2.20813	2e-06	1.39567
1.13416	1.5708	-0.790265	1e-06	-2.20813	2e-06	1.39567
1.13516	1.5708	-0.790265	1e-06	-2.20813	2e-06	1.39567
1.13616	1.5708	-0.790265	1e-06	-2.20813	2e-06	1.39567
1.13716	1.5708	-0.790265	1e-06	-2.20813	2e-06	1.39567
1.13816	1.5708	-0.790265	1e-06	-2.20813	2e-06	1.39567
1.13916	1.5708	-0.790265	1e-06	-2.20813	2e-06	1.39567
1.14016	1.5708	-0.790265	1e-06	-2.20813	2e-06	1.39567
1.14116	1.5708	-0.790265	1e-06	-2.20813	2e-06	1.39567
1.14216	1.5708	-0.790265	1e-06	-2.20813	2e-06	1.39568
1.14316	1.5708	-0.790265	1e-06	-2.20813	2e-06	1.39568
1.14416	1.5708	-0.790265	1e-06	-2.20813	2e-06	1.39568
1.14516	1.5708	-0.790265	1e-06	-2.20813	2e-06	1.39568
1.14616	1.5708	-0.790265	1e-06	-2.20813	2e-06	1.39568
1.14716	1.5708	-0.790265	1e-06	-2.20813	1e-06	1.39568
1.14816	1.5708	-0.790265	1e-06	-2.20813	1e-06	1.39568
1.14916	1.5708	-0.790265	1e-06	-2.20813	1e-06	1.39568
1.15016	1.5708	-0.790265	1e-06	-2.20813	1e-06	1.39568
1.15116	1.5708	-0.790265	1e-06	-2.20813	1e-06	1.39568
1.15216	1.5708	-0.790265	1e-06	-2.20813	1e-06	1.39568
1.15316	1.5708	-0.790265	1e-06	-2.20813	1e-06	1.39568
1.15416	1.5708	-0.790265	1e-06	-2.20813	1e-06	1.39568
1.15516	1.5708	-0.790265	1e-06	-2.20813	1e-06	1.39568
1.15616	1.5708	-0.790265	1e-06	-2.20813	1e-06	1.39568
1.15716	1.5708	-0.790265	1e-06	-2.20813	1e-06	1.39568
1.15816	1.5708	-0.790265	1e-06	-2.20813	1e-06	1.39568
1.15916	1.5708	-0.790265	1e-06	-2.20813	1e-06	1.39568
1.16016	1.5708	-0.790265	1e-06	-2.20813	1e-06	1.39568
1.16116	1.5708	-0.790265	1e-06	-2.20813	1e-06	1.39568
1.16216	1.5708	-0.790265	1e-06	-2.20813	1e-06	1.39568
1.16316	1.5708	-0.790265	0	-2.20813	1e-06	1.39568
1.16416	1.5708	-0.790265	0	-2.20813	1e-06	1.39568
1.16516	1.5708	-0.790265	0	-2.20813	1e-06	1.39568
1.16616	1.5708	-0.790265	0	-2.20813	1e-06	1.39568
1.16716	1.5708	-0.790265	0	-2.20813	1e-06	1.39568
1.16816	1.5708	-0.790265	0	-2.20813	1e-06	1.39568
1.16916	1.5708	-0.790265	0	-2.20813	1e-06	1.39568
1.17016	1.5708	-0.790265	0	-2.20813	1e-06	1.39568
1.17116	1.5708	-0.790265	0	-2.20813	1e-06	1.39568
1.17216	1.5708	-0.790265	0	-2.20813	1e-06	1.39568
1.17316	1.5708	-0.790265	0	-2.20813	1e-06	1.39568
1.17416	1.5708	-0.790265	0	-2.20813	1e-06	1.39568
1.17516	1.5708	-0.790265	0	-2.20813	1e-06	1.39568
1.17616	1.5708	-0.790265	0	-2.20813	1e-06	1.39568
1.17716	1.5708	-0.790265	0	-2.20813	1e-06	1.39568
1.17816	1.5708	-0.790265	0	-2.20813	0	1.39568
1.17916	1.5708	-0.790265	0	-2.20813	0	1.39568
1.18016	1.5708	-0.790265	0	-2.20813	0	1.39568
1.18116	1.5708	-0.790265	0	-2.20813	0	1.39568
1.18216	1.5708	-0.790265	0	-2.20813	0	1.39568
1.18316	1.5708	-0.790265	0	-2.20813	0	1.39568
1.18416	1.5708	-0.790265	0	-2.20813	0	1.39568
1.18516	1.5708	-0.790265	0	-2.20813	0	1.39568
1.18616	1.5708	-0.790265	0	-2.20813	0	1.39568
1.18716	1.5708	-0.790265	0	-2.20813	0	1.39568
1.18816	1.5708	-0.790265	0	-2.20813	0	1.39568
1.18916	1.5708	-0.790265	0	-2.20813	0	1.39568
1.19016	1.5708	-0.790265	0	-2.20813	0	1.39568
1.19116	1.5708	-0.790265	0	-2.20813	0	1.39568
1.19216	1.5708	-0.790265	0	-2.20813	0	1.39568
1.19316	1.5708	-0.790265	0	-2.20813	0	1.39568
1.19416	1.5708	-0.790265	0	-2.20813	0	1.39568
1.19516	1.5708	-0.790265	0	-2.20813	0	1.39568
1.19616	1.5708	-0.790265	0	-2.20813	0	1.39568
1.19716	1.5708	-0.790265	0	-2.20813	0	1.39568
1.19816	1.5708	-0.790265	0	-2.20813	0	1.39568
1.19916	1.5708	-0.790265	0	-2.20813	0	1.39568
1.20016	1.5708	-0.790265	0	-2.20813	0	1.39568
1.20116	1.5708	-0.790265	0	-2.20813	0	1.39568
1.20216	1.5708	-0.790265	0	-2.20813	0	1.39568
1.20316	1.5708	-0.790265	0	-2.20813	0	1.39568
1.20416	1.5708	-0.790265	0	-2.20813	0	1.39568
1.20516	1.5708	-0.790265	0	-2.20813	-0	1.39568
1.20616	1.5708	-0.790265	0	-2.20813	-0	1.39568
1.20716	1.5708	-0.790265	0	-2.20813	-0	1.39568
1.20816	1.5708	-0.790265	0	-2.20813	-0	1.39568
1.20916	1.5708	-0.790265	0	-2.20813	-0	1.39568
1.21016	1.5708	-0.790265	0	-2.20813	-0	1.39568
1.21116	1.5708	-0.790265	0	-2.20813	-0	1.39568
1.21216	1.5708	-0.790265	0	-2.20813	-0	1.39568
1.21316	1.5708	-0.790265	0	-2.20813	-0	1.39568
1.21416	1.5708	-0.790265	0	-2.20813	-0	1.39568
1.21516	1.5708	-0.790265	-0	-2.20813	-0	1.39568
1.21616	1.5708	-0.790265	-0	-2.20813	-0	1.39568
1.21716	1.5708	-0.790265	-0	-2.20813	-0	1.39568
1.21816	1.5708	-0.790265	-0	-2.20813	-0	1.39568
1.21916	1.5708	-0.790265	-0	-2.20813	-0	1.39568
1.22016	1.5708	-0.790265	-0	-2.20813	-0	1.39568
1.22116	1.5708	-0.790265	-0	-2.20813	-0	1.39568
1.22216	1.5708	-0.790265	-0	-2.20813	-0	1.39568
1.22316	1.5708	-0.790265	-0	-2.20813	-0	1.39568
1.22416	1.5708	-0.790265	-0	-2.20813	-0	1.39568
1.22516	1.5708	-0.790265	-0	-2.20813	-0	1.39568
1.22616	1.5708	-0.790265	-0	-2.20813	-0	1.39568
1.22716	1.5708	-0.790265	-0	-2.20813	-0	1.39568
1.22816	1.5708	-0.790265	-0	-2.20813	-0	1.39568
1.22916	1.5708	-0.790265	-0	-2.20813	-0	1.39568
1.23016	1.5708	-0.790265	-0	-2.20813	-0	1.39568
1.23116	1.5708	-0.790265	-0	-2.20813	-0	1.39568
1.23216	1.5708	-0.790265	-0	-2.20813	-0	1.39568
1.23316	1.5708	-0.790265	-0	-2.20813	-0	1.39568
1.23416	1.5708	-0.790265	-0	-2.20813	-0	1.39568
1.23516	1.5708	-0.790265	-0	-2.20813	-0	1.39568
1.23616	1.5708	-0.790265	-0	-2.20813	-0	1.39568
1.23716	1.5708	-0.790265	-0	-2.20813	-0	1.39568
1.23816	1.5708	-0.790265	-0	-2.20813	-0	1.39568
1.23916	1.5708	-0.790265	-0	-2.20813	-0	1.39568
1.24016	1.5708	-0.790265	-0	-2.20813	-0	1.39568
1.24116	1.5708	-0.790265	-0	-2.20813	-0	1.39568
1.24216	1.5708	-0.790265	-0	-2.20813	-0	1.39568
1.24316	1.5708	-0.790265	-0	-2.20813	-0	1.39568
1.24416	1.5708	-0.790265	-0	-2.20813	-0	1.39568
1.24516	1.5708	-0.790265	-0	-2.20813	-0	1.39568
1.24616	1.5708	-0.790265	-0	-2.20813	-0	1.39568
1.24716	1.5708	-0.790265	-0	-2.20813	-0	1.39568
1.24816	1.5708	-0.790265	-0	-2.20813	-0	1.39568
1.24916	1.5708	-0.790265	-0	-2.20813	-0	1.39568
1.25016	1.5708	-0.790265	-0	-2.20813	-0	1.39568
1.25116	1.5708	-0.790265	-0	-2.20813	-0	1.39568
1.25216	1.5708	-0.790265	-0	-2.20813	-0	1.39568
1.25316	1.5708	-0.790265	-0	-2.20813	-0	1.39568
1.25416	1.5708	-0.790265	-0	-2.20813	-0	1.39568
1.25516	1.5708	-0.790265	-0	-2.20813	-0	1.39568
1.25616	1.5708	-0.790265	-0	-2.20813	-0	1.39568
1.25716	1.5708	-0.790265	-0	-2.20813	-0	1.39568
1.25816	1.5708	-0.790265	-0	-2.20813	-0	1.39568
1.25916	1.5708	-0.790265	-0	-2.20813	-0	1.39568
1.26016	1.5708	-0.790265	-0	-2.20813	-0	1.39568
1.26116	1.5708	-0.790265	-0	-2.20813	-0	1.39568
1.26216	1.5708	-0.790265	-0	-2.20813	-0	1.39568
1.26316	1.5708	-0.790265	-0	-2.20813	-0	1.39568
1.26416	1.5708	-0.790265	-0	-2.20813	-0	1.39568
1.26516	1.5708	-0.790265	-0	-2.20813	-0	1.39568
1.26616	1.5708	-0.790265	-0	-2.20813	-0	1.39568
1.26716	1.5708	-0.790265	-0	-2.20813	-0	1.39568
1.26816	1.5708	-0.790265	-0	-2.20813	-0	1.39568
1.26916	1.5708	-0.790265	-0	-2.20813	-0	1.39568
1.27016	1.5708	-0.790265	-0	-2.20813	-0	1.39568
1.27116	1.5708	-0.790265	-0	-2.20813	-0	1.39568
1.27216	1.5708	-0.790265	-0	-2.20813	-0	1.39568
1.27316	1.5708	-0.790265	-0	-2.20813	-0	1.39568
1.27416	1.5708	-0.790264	-0	-2.20813	-0	1.39568
1.27516	1.5708	-0.790264	-0	-2.20813	-0	1.39568
1.27616	1.5708	-0.790264	-0	-2.20813	-0	1.39568
1.27716	1.5708	-0.790264	-0	-2.20813	-0	1.39568
1.27816	1.5708	-0.790264	-0	-2.20813	-0	1.39568
1.27916	1.5708	-0.790264	-0	-2.20813	-0	1.39568
1.28016	1.5708	-0.790264	-0	-2.20813	-0	1.39568
1.28116	1.5708	-0.790264	-0	-2.20813	-0	1.39568
1.28216	1.5708	-0.790264	-0	-2.20813	-0	1.39568
1.28316	1.5708	-0.790264	-0	-2.20813	-0	1.39568
1.28416	1.5708	-0.790264	-0	-2.20813	-0	1.39568
1.28516	1.5708	-0.790264	-0	-2.20813	-0	1.39568
1.28616	1.5708	-0.790264	-0	-2.20813	-0	1.39568
1.28716	1.5708	-0.790264	-0	-2.20813	-0	1.39568
1.28816	1.5708	-0.790264	-0	-2.20813	-0	1.39568
1.28916	1.5708	-0.790264	-0	-2.20813	-0	1.39568
1.29016	1.5708	-0.790264	-0	-2.20813	-0	1.39568
1.29116	1.5708	-0.790264	-0	-2.20813	-0	1.39568
1.29216	1.5708	-0.790264	-0	-2.20813	-0	1.39568
1.29316	1.5708	-0.790264	-0	-2.20813	-0	1.39568
1.29416	1.5708	-0.790264	-0	-2.20813	-0	1.39568
1.29516	1.5708	-0.790264	-0	-2.20813	-0	1.39568
1.29616	1.5708	-0.790264	-0	-2.20813	-0	1.39568
1.29716	1.5708	-0.790264	-0	-2.20813	-0	1.39568
1.29816	1.5708	-0.790264	-0	-2.20813	-0	1.39568
1.29916	1.5708	-0.790264	-0	-2.20813	-0	1.39568
1.30016	1.5708	-0.790264	-0	-2.20813	-0	1.39568
1.30116	1.5708	-0.790264	-0	-2.20813	-0	1.39568
1.30216	1.5708	-0.790264	-0	-2.20813	-0	1.39568
1.30316	1.5708	-0.790264	-0	-2.20813	-0	1.39568
1.30416	1.5708	-0.790264	-0	-2.20813	-0	1.39568
1.30516	1.5708	-0.790264	-0	-2.20813	-0	1.39568
1.30616	1.5708	-0.790264	-0	-2.20813	-0	1.39568
1.30716	1.5708	-0.790264	-0	-2.20813	-0	1.39568
1.30816	1.5708	-0.790264	-0	-2.20813	-0	1.39568
1.30916	1.5708	-0.790264	-0	-2.20813	-0	1.39568
1.31016	1.5708	-0.790264	-0	-2.20813	-0	1.39568
1.31116	1.5708	-0.790264	-0	-2.20813	-0	1.39568
1.31216	1.5708	-0.790264	-0	-2.20813	-0	1.39568
1.31316	1.5708	-0.790264	-0	-2.20813	-0	1.39568
1.31416	1.5708	-0.790264	-0	-2.20813	-0	1.39568
1.31516	1.5708	-0.790264	-0	-2.20813	-0	1.39568
1.31616	1.5708	-0.790264	-0	-2.20813	-0	1.39568
1.31716	1.5708	-0.790264	-0	-2.20813	-0	1.39568
1.31816	1.5708	-0.790264	-0	-2.20813	-0	1.39568
1.31916	1.5708	-0.790264	-0	-2.20813	-0	1.39568
1.32016	1.5708	-0.790264	-0	-2.20813	-0	1.39568
1.32116	1.5708	-0.790264	-0	-2.20813	-0	1.39568
1.32216	1.5708	-0.790264	-0	-2.20813	-0	1.39568
1.32316	1.5708	-0.790264	-0	-2.20813	-0	1.39568
1.32416	1.5708	-0.790264	-0	-2.20813	-0	1.39568
1.32516	1.5708	-0.790264	-0	-2.20813	-0	1.39568
1.32616	1.5708	-0.790264	-0	-2.20813	-0	1.39568
1.32716	1.5708	-0.790264	-0	-2.20813	-0	1.39568
1.32816	1.5708	-0.790264	-0	-2.20813	-0	1.39568
1.32916	1.5708	-0.790265	-0	-2.20813	-0	1.39568
1.33016	1.5708	-0.790265	-0	-2.20813	-0	1.39568
1.33116	1.5708	-0.790265	-0	-2.20813	-0	1.39568
1.33216	1.5708	-0.790265	-0	-2.20813	-0	1.39568
1.33316	1.5708	-0.790265	-0	-2.20813	-0	1.39568
1.33416	1.5708	-0.790265	-0	-2.20813	-0	1.39568
1.33516	1.5708	-0.790265	-0	-2.20813	-0	1.39568
1.33616	1.5708	-0.790265	-0	-2.20813	-0	1.39568
1.33716	1.5708	-0.790265	-0	-2.20813	-0	1.39568
1.33816	1.5708	-0.790265	-0	-2.20813	-0	1.39568
1.33916	1.5708	-0.790265	-0	-2.20813	-0	1.39568
1.34016	1.5708	-0.790265	-0	-2.20813	-0	1.39568
1.34116	1.5708	-0.790265	-0	-2.20813	-0	1.39568
1.34216	1.5708	-0.790265	-0	-2.20813	-0	1.39568
1.34316	1.5708	-0.790265	-0	-2.20813	-0	1.39568
1.34416	1.5708	-0.790265	-0	-2.20813	-0	1.39568
1.34516	1.5708	-0.790265	-0	-2.20813	-0	1.39568
1.34616	1.5708	-0.790265	-0	-2.20813	-0	1.39568
1.34716	1.5708	-0.790265	-0	-2.20813	-0	1.39568
1.34816	1.5708	-0.790265	-0	-2.20813	-0	1.39568
1.34916	1.5708	-0.790265	-0	-2.20813	-0	1.39568
1.35016	1.5708	-0.790265	-0	-2.20813	-0	1.39568
1.35116	1.5708	-0.790265	-0	-2.20813	-0	1.39568
1.35216	1.5708	-0.790265	-0	-2.20813	-0	1.39568
1.35316	1.5708	-0.790265	-0	-2.20813	-0	1.39568
1.35416	1.5708	-0.790265	-0	-2.20813	-0	1.39568
1.35516	1.5708	-0.790264	-0	-2.20813	-0	1.39568
1.35616	1.5708	-0.790264	-0	-2.20813	-0	1.39568
1.35716	1.5708	-0.790264	-0	-2.20813	-0	1.39568
1.35816	1.5708	-0.790264	-0	-2.20813	-0	1.39568
1.35916	1.5708	-0.790264	-0	-2.20813	-0	1.39568
1.36016	1.5708	-0.790264	-0	-2.20813	-0	1.39568
1.36116	1.5708	-0.790264	-0	-2.20813	-0	1.39568
1.36216	1.5708	-0.790264	-0	-2.20813	-0	1.39568
1.36316	1.5708	-0.790264	-0	-2.20813	-0	1.39568
1.36416	1.5708	-0.790264	-0	-2.20813	-0	1.39568
1.36516	1.5708	-0.790264	-0	-2.20813	-0	1.39568
1.36616	1.5708	-0.790264	-0	-2.20813	-0	1.39568
1.36716	1.5708	-0.790264	-0	-2.20813	-0	1.39568
1.36816	1.5708	-0.790264	-0	-2.20813	-0	1.39568
1.36916	1.5708	-0.790264	-0	-2.20813	-0	1.39568
1.37016	1.5708	-0.790264	-0	-2.20813	-0	1.39568
1.37116	1.5708	-0.790264	-0	-2.20813	-0	1.39568
1.37216	1.5708	-0.790264	-0	-2.20813	-0	1.39568
1.37316	1.5708	-0.790264	-0	-2.20813	-0	1.39568
1.37416	1.5708	-0.790264	-0	-2.20813	-0	1.39568
1.37516	1.5708	-0.790264	-0	-2.20813	-0	1.39568
1.37616	1.5708	-0.790264	-0	-2.20813	-0	1.39568
1.37716	1.5708	-0.790264	-0	-2.20813	-0	1.39568
1.37816	1.5708	-0.790265	-0	-2.20813	-0	1.39568
1.37916	1.5708	-0.790265	-0	-2.20813	-0	1.39568
1.38016	1.5708	-0.790265	-0	-2.20813	-0	1.39568
1.38116	1.5708	-0.790265	-0	-2.20813	-0	1.39568
1.38216	1.5708	-0.790265	-0	-2.20813	-0	1.39568
1.38316	1.5708	-0.790265	-0	-2.20813	-0	1.39568
1.38416	1.5708	-0.790265	-0	-2.20813	-0	1.39568
1.38516	1.5708	-0.790265	-0	-2.20813	-0	1.39568
1.38616	1.5708	-0.790265	-0	-2.20813	-0	1.39568
1.38716	1.5708	-0.790265	-0	-2.20813	-0	1.39568
1.38816	1.5708	-0.790265	-0	-2.20813	-0	1.39568
1.38916	1.5708	-0.790265	-0	-2.20813	-0	1.39568
1.39016	1.5708	-0.790265	-0	-2.20813	-0	1.39568
1.39116	1.5708	-0.790265	-0	-2.20813	-0	1.39568
1.39216	1.5708	-0.790265	-0	-2.20813	-0	1.39568
1.39316	1.5708	-0.790265	-0	-2.20813	-0	1.39568
1.39416	1.5708	-0.790265	-0	-2.20813	-0	1.39568
1.39516	1.5708	-0.790264	-0	-2.20813	-0	1.39568
1.39616	1.5708	-0.790264	-0	-2.20813	-0	1.39568
1.39716	1.5708	-0.790264	-0	-2.20813	-0	1.39568
1.39816	1.5708	-0.790264	-0	-2.20813	-0	1.39568
1.39916	1.5708	-0.790264	-0	-2.20813	-0	1.39568
1.40016	1.5708	-0.790264	-0	-2.20813	-0	1.39568
1.40116	1.5708	-0.790264	-0	-2.20813	-0	1.39568
1.40216	1.5708	-0.790264	-0	-2.20813	-0	1.39568
1.40316	1.5708	-0.790264	-0	-2.20813	-0	1.39568
1.40416	1.5708	-0.790264	-0	-2.20813	-0	1.39568
1.40516	1.5708	-0.790264	-0	-2.20813	-0	1.39568
1.40616	1.5708	-0.790264	-0	-2.20813	-0	1.39568
1.40716	1.5708	-0.790264	-0	-2.20813	-0	1.39568
1.40816	1.5708	-0.790264	-0	-2.20813	-0	1.39568
1.40916	1.5708	-0.790264	-0	-2.20813	-0	1.39568
1.41016	1.5708	-0.790265	-0	-2.20813	-0	1.39568
1.41116	1.5708	-0.790265	-0	-2.20813	-0	1.39568
1.41216	1.5708	-0.790265	-0	-2.20813	-0	1.39568
1.41316	1.5708	-0.790265	-0	-2.20813	-0	1.39568
1.41416	1.5708	-0.790265	-0	-2.20813	-0	1.39568
1.41516	1.5708	-0.790265	-0	-2.20813	-0	1.39568
1.41616	1.5708	-0.790265	-0	-2.20813	-0	1.39568
1.41716	1.5708	-0.790265	-0	-2.20813	-0	1.39568
1.41816	1.5708	-0.790265	-0	-2.20813	-0	1.39568
1.41916	1.5708	-0.790265	-0	-2.20813	-0	1.39568
1.42016	1.5708	-0.790265	-0	-2.20813	-0	1.39568
1.42116	1.5708	-0.790265	-0	-2.20813	-0	1.39568
1.42216	1.5708	-0.790265	-0	-2.20813	-0	1.39568
1.42316	1.5708	-0.790264	-0	-2.20813	-0	1.39568
1.42416	1.5708	-0.790264	-0	-2.20813	-0	1.39568
