0.00110267	-1.39626	-0.785398	-0	-2.18166	0	1.39626
0.00210267	-1.39626	-0.785398	-0	-2.18166	0	1.39626
0.00310267	-1.39389	-0.78538	-0	-2.18162	-0	1.39624
0.00410267	-1.39097	-0.785368	-0	-2.18159	-0	1.39623
0.00510267	-1.38697	-0.785355	-0	-2.18156	-0	1.39622
0.00610267	-1.38194	-0.785342	-0	-2.18154	-0	1.39623
0.00710267	-1.38194	-0.785342	-0	-2.18154	-0	1.39623
0.00810267	-1.37593	-0.785327	-0	-2.18152	-1e-06	1.39625
0.00910267	-1.36894	-0.785311	-1e-06	-2.1815	-1e-06	1.3963
0.0101027	-1.36099	-0.785291	-1e-06	-2.18148	-2e-06	1.39638
0.0111027	-1.34242	-0.78524	-3e-06	-2.18147	-5e-06	1.39667
0.0121027	-1.33187	-0.785207	-5e-06	-2.18147	-8e-06	1.39689
0.0131027	-1.33187	-0.785207	-5e-06	-2.18147	-8e-06	1.39689
0.0141027	-1.32057	-0.785168	-7e-06	-2.18148	-1.2e-05	1.39717
0.0151027	-1.30852	-0.785122	-1.1e-05	-2.1815	-1.8e-05	1.39752
0.0161027	-1.28226	-0.785005	-2.1e-05	-2.18155	-3.6e-05	1.39844
0.0171027	-1.28226	-0.785005	-2.1e-05	-2.18155	-3.6e-05	1.39844
0.0181027	-1.26814	-0.784933	-2.9e-05	-2.18159	-5e-05	1.39903
0.0191027	-1.23806	-0.784757	-5.1e-05	-2.18169	-8.8e-05	1.4005
0.0201027	-1.22216	-0.784652	-6.6e-05	-2.18176	-0.000115	1.40139
0.0211027	-1.22216	-0.784652	-6.6e-05	-2.18176	-0.000115	1.40139
0.0221027	-1.18882	-0.784405	-0.000104	-2.18192	-0.000183	1.40349
0.0231027	-1.18882	-0.784405	-0.000104	-2.18192	-0.000183	1.40349
0.0241027	-1.15357	-0.784104	-0.000156	-2.18212	-0.00028	1.40606
0.0251027	-1.15357	-0.784104	-0.000156	-2.18212	-0.00028	1.40606
0.0261027	-1.1353	-0.783933	-0.000189	-2.18223	-0.00034	1.40753
0.0271027	-1.09755	-0.783545	-0.000271	-2.18249	-0.00049	1.41086
0.0281027	-1.09755	-0.783545	-0.000271	-2.18249	-0.00049	1.41086
0.0291027	-1.05835	-0.783097	-0.000376	-2.18279	-0.000684	1.41471
0.0301027	-1.05835	-0.783097	-0.000376	-2.18279	-0.000684	1.41471
0.0311027	-1.03827	-0.78285	-0.000438	-2.18296	-0.000799	1.41684
0.0321027	-1.0179	-0.782587	-0.000506	-2.18313	-0.000928	1.4191
0.0331027	-0.997237	-0.782307	-0.000583	-2.18332	-0.001071	1.4215
0.0341027	-0.95514	-0.7817	-0.000762	-2.18373	-0.001404	1.42671
0.0351027	-0.95514	-0.7817	-0.000762	-2.18373	-0.001404	1.42671
0.0361027	-0.933748	-0.781373	-0.000864	-2.18396	-0.001595	1.42952
0.0371027	-0.912156	-0.781029	-0.000975	-2.18419	-0.001801	1.43246
0.0381027	-0.890369	-0.78067	-0.001095	-2.18443	-0.002026	1.43553
0.0391027	-0.868406	-0.780296	-0.001225	-2.18468	-0.002269	1.43873
0.0401027	-0.846281	-0.779905	-0.001365	-2.18494	-0.002531	1.44206
0.0411027	-0.82401	-0.7795	-0.001516	-2.18522	-0.002813	1.44552
0.0421027	-0.801609	-0.779079	-0.001676	-2.1855	-0.003113	1.44909
0.0431027	-0.779091	-0.778644	-0.001848	-2.18579	-0.003433	1.45279
0.0441027	-0.756471	-0.778194	-0.00203	-2.18609	-0.003774	1.4566
0.0451027	-0.733762	-0.77773	-0.002222	-2.1864	-0.004134	1.46052
0.0461027	-0.710977	-0.777253	-0.002426	-2.18672	-0.004514	1.46455
0.0471027	-0.688129	-0.776762	-0.00264	-2.18705	-0.004914	1.46869
0.0481027	-0.665229	-0.776259	-0.002864	-2.18738	-0.005334	1.47292
0.0491027	-0.642289	-0.775743	-0.0031	-2.18772	-0.005774	1.47724
0.0501027	-0.619321	-0.775215	-0.003346	-2.18807	-0.006233	1.48166
0.0511027	-0.596335	-0.774675	-0.003602	-2.18843	-0.006712	1.48616
0.0521027	-0.57334	-0.774125	-0.003869	-2.18879	-0.007209	1.49073
0.0531027	-0.550349	-0.773564	-0.004145	-2.18915	-0.007725	1.49539
0.0541027	-0.527369	-0.772993	-0.004432	-2.18953	-0.008259	1.50011
0.0551027	-0.504409	-0.772413	-0.004727	-2.1899	-0.00881	1.5049
0.0561027	-0.48148	-0.771823	-0.005033	-2.19029	-0.009378	1.50975
0.0571027	-0.458589	-0.771226	-0.005347	-2.19067	-0.009963	1.51465
0.0581027	-0.435744	-0.77062	-0.00567	-2.19106	-0.010563	1.51961
0.0591027	-0.390223	-0.769388	-0.006341	-2.19185	-0.011808	1.52964
0.0601027	-0.390223	-0.769388	-0.006341	-2.19185	-0.011808	1.52964
0.0611027	-0.367566	-0.768762	-0.006687	-2.19225	-0.01245	1.5347
0.0621027	-0.344987	-0.768131	-0.007041	-2.19265	-0.013105	1.5398
0.0631027	-0.32249	-0.767495	-0.007401	-2.19305	-0.013771	1.54492
0.0641027	-0.300081	-0.766855	-0.007768	-2.19346	-0.014449	1.55006
0.0651027	-0.277766	-0.76621	-0.008141	-2.19386	-0.015137	1.55521
0.0661027	-0.25555	-0.765562	-0.008519	-2.19427	-0.015833	1.56037
0.0671027	-0.233439	-0.764911	-0.008902	-2.19467	-0.016539	1.56553
0.0681027	-0.189552	-0.763602	-0.009682	-2.19548	-0.01797	1.57585
0.0691027	-0.189552	-0.763602	-0.009682	-2.19548	-0.01797	1.57585
0.0701027	-0.167787	-0.762946	-0.010077	-2.19588	-0.018695	1.581
0.0711027	-0.146149	-0.762289	-0.010476	-2.19628	-0.019423	1.58613
0.0721027	-0.12464	-0.761632	-0.010877	-2.19668	-0.020156	1.59124
0.0731027	-0.103262	-0.760975	-0.01128	-2.19707	-0.020891	1.59633
0.0741027	-0.08202	-0.760318	-0.011685	-2.19747	-0.021627	1.60139
0.0751027	-0.060917	-0.759663	-0.012091	-2.19786	-0.022365	1.60642
0.0761027	-0.039958	-0.75901	-0.012497	-2.19824	-0.023102	1.61141
0.0771027	-0.019144	-0.758358	-0.012904	-2.19862	-0.023838	1.61637
0.0781027	0.00152	-0.75771	-0.01331	-2.199	-0.024572	1.62128
0.0791027	0.022033	-0.757064	-0.013716	-2.19938	-0.025304	1.62614
0.0801027	0.042392	-0.756422	-0.01412	-2.19975	-0.026031	1.63095
0.0811027	0.062593	-0.755784	-0.014522	-2.20011	-0.026754	1.63571
0.0821027	0.082635	-0.755151	-0.014923	-2.20047	-0.027471	1.64042
0.0831027	0.102516	-0.754522	-0.01532	-2.20082	-0.028182	1.64506
0.0841027	0.122233	-0.753899	-0.015714	-2.20117	-0.028886	1.64964
0.0851027	0.141786	-0.753281	-0.016105	-2.20151	-0.029582	1.65415
0.0861027	0.161171	-0.752669	-0.016492	-2.20185	-0.03027	1.6586
0.0871027	0.180388	-0.752064	-0.016874	-2.20217	-0.030948	1.66297
0.0881027	0.199435	-0.751465	-0.017252	-2.2025	-0.031616	1.66727
0.0891027	0.21831	-0.750874	-0.017624	-2.20281	-0.032273	1.67149
0.0901027	0.237013	-0.75029	-0.017991	-2.20312	-0.032919	1.67564
0.0911027	0.255543	-0.749715	-0.018352	-2.20342	-0.033553	1.67971
0.0921027	0.273898	-0.749147	-0.018707	-2.20371	-0.034174	1.68369
0.0931027	0.292078	-0.748588	-0.019055	-2.204	-0.034782	1.68759
0.0941027	0.310082	-0.748037	-0.019396	-2.20428	-0.035377	1.69141
0.0951027	0.345559	-0.746964	-0.020057	-2.20481	-0.036523	1.69877
0.0961027	0.363031	-0.746441	-0.020376	-2.20506	-0.037074	1.70232
0.0971027	0.363031	-0.746441	-0.020376	-2.20506	-0.037074	1.70232
0.0981027	0.397442	-0.745426	-0.020993	-2.20555	-0.038132	1.70915
0.0991027	0.397442	-0.745426	-0.020993	-2.20555	-0.038132	1.70915
0.100103	0.41438	-0.744934	-0.021289	-2.20578	-0.038637	1.71243
0.101103	0.431139	-0.744453	-0.021577	-2.20601	-0.039126	1.71561
0.102103	0.464123	-0.743522	-0.022126	-2.20643	-0.040054	1.72169
0.103103	0.464123	-0.743522	-0.022126	-2.20643	-0.040054	1.72169
0.104103	0.480347	-0.743073	-0.022387	-2.20663	-0.040493	1.72459
0.105103	0.496394	-0.742636	-0.022639	-2.20682	-0.040914	1.72739
0.106103	0.512263	-0.74221	-0.022882	-2.20701	-0.041317	1.73009
0.107103	0.527954	-0.741795	-0.023115	-2.20718	-0.041703	1.7327
0.108103	0.543468	-0.741393	-0.023338	-2.20735	-0.04207	1.7352
0.109103	0.558806	-0.741002	-0.023551	-2.20751	-0.042419	1.73761
0.110103	0.573967	-0.740623	-0.023754	-2.20766	-0.04275	1.73992
0.111103	0.588953	-0.740256	-0.023947	-2.2078	-0.043063	1.74213
0.112103	0.603764	-0.739902	-0.02413	-2.20793	-0.043357	1.74424
0.113103	0.618401	-0.73956	-0.024303	-2.20806	-0.043632	1.74625
0.114103	0.632864	-0.73923	-0.024466	-2.20817	-0.04389	1.74816
0.115103	0.647154	-0.738912	-0.024619	-2.20828	-0.044128	1.74998
0.116103	0.661273	-0.738607	-0.024761	-2.20838	-0.044349	1.7517
0.117103	0.67522	-0.738314	-0.024893	-2.20848	-0.044551	1.75332
0.118103	0.688997	-0.738034	-0.025015	-2.20856	-0.044735	1.75484
0.119103	0.702604	-0.737766	-0.025128	-2.20864	-0.044902	1.75627
0.120103	0.716043	-0.737511	-0.02523	-2.20871	-0.04505	1.7576
0.121103	0.729315	-0.737268	-0.025322	-2.20877	-0.04518	1.75884
0.122103	0.75536	-0.73682	-0.025476	-2.20888	-0.045388	1.76104
0.123103	0.75536	-0.73682	-0.025476	-2.20888	-0.045388	1.76104
0.124103	0.780749	-0.736421	-0.025593	-2.20895	-0.045529	1.76287
0.125103	0.780749	-0.736421	-0.025593	-2.20895	-0.045529	1.76287
0.126103	0.793201	-0.73624	-0.025637	-2.20898	-0.045575	1.76365
0.127103	0.805493	-0.736071	-0.025672	-2.209	-0.045605	1.76435
0.128103	0.817625	-0.735914	-0.025699	-2.20902	-0.045618	1.76496
0.129103	0.829598	-0.735769	-0.025715	-2.20903	-0.045615	1.76547
0.130103	0.841414	-0.735637	-0.025723	-2.20903	-0.045597	1.76591
0.131103	0.853073	-0.735516	-0.025722	-2.20902	-0.045562	1.76625
0.132103	0.863434	-0.735418	-0.025713	-2.20901	-0.045518	1.7665
0.133103	0.8748	-0.73532	-0.025695	-2.209	-0.045455	1.76669
0.134103	0.886013	-0.735234	-0.025668	-2.20898	-0.045377	1.76679
0.135103	0.897075	-0.735159	-0.025633	-2.20895	-0.045285	1.76682
0.136103	0.907987	-0.735096	-0.02559	-2.20892	-0.045178	1.76677
0.137103	0.918751	-0.735045	-0.025539	-2.20888	-0.045058	1.76664
0.138103	0.929366	-0.735004	-0.02548	-2.20883	-0.044924	1.76643
0.139103	0.939836	-0.734975	-0.025413	-2.20878	-0.044776	1.76615
0.140103	0.950161	-0.734957	-0.025338	-2.20873	-0.044616	1.76579
0.141103	0.960343	-0.73495	-0.025256	-2.20867	-0.044443	1.76536
0.142103	0.970383	-0.734953	-0.025167	-2.2086	-0.044258	1.76486
0.143103	0.980281	-0.734967	-0.025071	-2.20853	-0.044061	1.76429
0.144103	0.990041	-0.734992	-0.024968	-2.20846	-0.043852	1.76365
0.145103	0.999663	-0.735027	-0.024858	-2.20838	-0.043632	1.76294
0.146103	1.00915	-0.735071	-0.024742	-2.2083	-0.043401	1.76217
0.147103	1.0185	-0.735126	-0.024619	-2.20821	-0.04316	1.76133
0.148103	1.02771	-0.735191	-0.02449	-2.20812	-0.042908	1.76043
0.149103	1.0368	-0.735265	-0.024356	-2.20802	-0.042646	1.75947
0.150103	1.04575	-0.735349	-0.024216	-2.20792	-0.042375	1.75845
0.151103	1.05457	-0.735441	-0.02407	-2.20782	-0.042095	1.75736
0.152103	1.06327	-0.735543	-0.023919	-2.20771	-0.041806	1.75623
0.153103	1.07184	-0.735654	-0.023763	-2.2076	-0.041508	1.75503
0.154103	1.08028	-0.735774	-0.023601	-2.20749	-0.041202	1.75378
0.155103	1.08859	-0.735902	-0.023435	-2.20737	-0.040888	1.75248
0.156103	1.09679	-0.736039	-0.023265	-2.20725	-0.040566	1.75113
0.157103	1.10486	-0.736184	-0.02309	-2.20713	-0.040238	1.74972
0.158103	1.11282	-0.736337	-0.022911	-2.207	-0.039902	1.74827
0.159103	1.12065	-0.736497	-0.022728	-2.20687	-0.03956	1.74677
0.160103	1.12837	-0.736665	-0.022541	-2.20674	-0.039211	1.74522
0.161103	1.13597	-0.736841	-0.02235	-2.20661	-0.038857	1.74363
0.162103	1.14346	-0.737024	-0.022156	-2.20647	-0.038497	1.742
0.163103	1.15083	-0.737214	-0.021958	-2.20633	-0.038131	1.74032
0.164103	1.15809	-0.737412	-0.021757	-2.20619	-0.037761	1.7386
0.165103	1.17229	-0.737826	-0.021347	-2.2059	-0.037006	1.73505
0.166103	1.17229	-0.737826	-0.021347	-2.2059	-0.037006	1.73505
0.167103	1.17922	-0.738042	-0.021139	-2.20575	-0.036622	1.73322
0.168103	1.18605	-0.738265	-0.020927	-2.2056	-0.036235	1.73135
0.169103	1.19277	-0.738493	-0.020714	-2.20545	-0.035844	1.72945
0.170103	1.19939	-0.738727	-0.020498	-2.2053	-0.03545	1.72752
0.171103	1.20591	-0.738967	-0.02028	-2.20514	-0.035053	1.72555
0.172103	1.21232	-0.739213	-0.020061	-2.20499	-0.034653	1.72355
0.173103	1.21864	-0.739463	-0.019839	-2.20483	-0.03425	1.72153
0.174103	1.22485	-0.739719	-0.019616	-2.20467	-0.033845	1.71948
0.175103	1.23097	-0.73998	-0.019392	-2.20451	-0.033438	1.7174
0.176103	1.23699	-0.740245	-0.019167	-2.20435	-0.03303	1.71529
0.177103	1.24292	-0.740515	-0.01894	-2.20418	-0.032619	1.71316
0.178103	1.24875	-0.74079	-0.018713	-2.20402	-0.032208	1.711
0.179103	1.25449	-0.741068	-0.018484	-2.20385	-0.031795	1.70882
0.180103	1.26014	-0.741351	-0.018255	-2.20369	-0.031381	1.70662
0.181103	1.2657	-0.741638	-0.018025	-2.20352	-0.030967	1.7044
0.182103	1.27117	-0.741928	-0.017795	-2.20335	-0.030552	1.70216
0.183103	1.27655	-0.742222	-0.017565	-2.20319	-0.030137	1.69991
0.184103	1.28184	-0.742519	-0.017334	-2.20302	-0.029722	1.69763
0.185103	1.28705	-0.74282	-0.017103	-2.20285	-0.029307	1.69534
0.186103	1.29218	-0.743124	-0.016872	-2.20268	-0.028893	1.69304
0.187103	1.29722	-0.74343	-0.016641	-2.20251	-0.028479	1.69072
0.188103	1.30218	-0.74374	-0.016411	-2.20234	-0.028065	1.68838
0.189103	1.30706	-0.744052	-0.01618	-2.20216	-0.027653	1.68604
0.190103	1.31185	-0.744366	-0.015951	-2.20199	-0.027241	1.68368
0.191103	1.32121	-0.745002	-0.015492	-2.20165	-0.026422	1.67894
0.192103	1.32121	-0.745002	-0.015492	-2.20165	-0.026422	1.67894
0.193103	1.32578	-0.745324	-0.015264	-2.20147	-0.026014	1.67655
0.194103	1.33027	-0.745646	-0.015037	-2.2013	-0.025609	1.67416
0.195103	1.33469	-0.745971	-0.014811	-2.20113	-0.025205	1.67176
0.196103	1.3433	-0.746625	-0.014361	-2.20079	-0.024403	1.66694
0.197103	1.3433	-0.746625	-0.014361	-2.20079	-0.024403	1.66694
0.198103	1.3475	-0.746954	-0.014137	-2.20061	-0.024005	1.66453
0.199103	1.35163	-0.747285	-0.013915	-2.20044	-0.023609	1.66211
0.200103	1.35569	-0.747616	-0.013694	-2.20027	-0.023216	1.65969
0.201103	1.35968	-0.747948	-0.013474	-2.2001	-0.022826	1.65726
0.202103	1.36361	-0.748282	-0.013256	-2.19993	-0.022438	1.65484
0.203103	1.36747	-0.748616	-0.013039	-2.19975	-0.022052	1.65241
0.204103	1.37126	-0.748951	-0.012823	-2.19958	-0.02167	1.64999
0.205103	1.37499	-0.749286	-0.012609	-2.19941	-0.02129	1.64756
0.206103	1.37865	-0.749622	-0.012397	-2.19924	-0.020914	1.64514
0.207103	1.38226	-0.749959	-0.012186	-2.19907	-0.02054	1.64271
0.208103	1.3858	-0.750295	-0.011977	-2.1989	-0.02017	1.64029
0.209103	1.38928	-0.750632	-0.011769	-2.19874	-0.019803	1.63787
0.210103	1.3927	-0.750968	-0.011564	-2.19857	-0.019439	1.63546
0.211103	1.39606	-0.751305	-0.01136	-2.1984	-0.019079	1.63305
0.212103	1.39937	-0.751642	-0.011158	-2.19823	-0.018722	1.63064
0.213103	1.40261	-0.751978	-0.010958	-2.19807	-0.018368	1.62824
0.214103	1.4058	-0.752314	-0.010759	-2.1979	-0.018018	1.62584
0.215103	1.40894	-0.75265	-0.010563	-2.19773	-0.017672	1.62345
0.216103	1.41202	-0.752985	-0.010369	-2.19757	-0.017329	1.62107
0.217103	1.41505	-0.753319	-0.010177	-2.19741	-0.01699	1.61869
0.218103	1.41802	-0.753653	-0.009986	-2.19724	-0.016655	1.61632
0.219103	1.42094	-0.753986	-0.009798	-2.19708	-0.016323	1.61396
0.220103	1.42382	-0.754319	-0.009612	-2.19692	-0.015995	1.61161
0.221103	1.42664	-0.75465	-0.009428	-2.19676	-0.015671	1.60927
0.222103	1.42941	-0.754981	-0.009246	-2.1966	-0.015351	1.60694
0.223103	1.4348	-0.755638	-0.008888	-2.19628	-0.014723	1.6023
0.224103	1.4348	-0.755638	-0.008888	-2.19628	-0.014723	1.6023
0.225103	1.43743	-0.755965	-0.008713	-2.19612	-0.014415	1.6
0.226103	1.44001	-0.756291	-0.008539	-2.19597	-0.01411	1.5977
0.227103	1.44254	-0.756616	-0.008368	-2.19581	-0.01381	1.59542
0.228103	1.44503	-0.756939	-0.008199	-2.19565	-0.013514	1.59315
0.229103	1.44748	-0.757261	-0.008032	-2.1955	-0.013221	1.5909
0.230103	1.44988	-0.757581	-0.007868	-2.19535	-0.012933	1.58865
0.231103	1.45224	-0.7579	-0.007705	-2.1952	-0.012648	1.58642
0.232103	1.45456	-0.758217	-0.007545	-2.19504	-0.012368	1.5842
0.233103	1.45683	-0.758533	-0.007387	-2.19489	-0.012091	1.58199
0.234103	1.45906	-0.758847	-0.007231	-2.19475	-0.011819	1.5798
0.235103	1.46126	-0.75916	-0.007077	-2.1946	-0.01155	1.57762
0.236103	1.46341	-0.75947	-0.006926	-2.19445	-0.011286	1.57545
0.237103	1.46552	-0.759779	-0.006776	-2.1943	-0.011025	1.5733
0.238103	1.4676	-0.760086	-0.006629	-2.19416	-0.010769	1.57116
0.239103	1.46964	-0.760391	-0.006484	-2.19402	-0.010516	1.56903
0.240103	1.47164	-0.760694	-0.006342	-2.19387	-0.010268	1.56692
0.241103	1.4736	-0.760996	-0.006201	-2.19373	-0.010023	1.56483
0.242103	1.47553	-0.761295	-0.006063	-2.19359	-0.009782	1.56275
0.243103	1.47743	-0.761592	-0.005927	-2.19345	-0.009545	1.56068
0.244103	1.47928	-0.761887	-0.005793	-2.19331	-0.009312	1.55863
0.245103	1.48111	-0.762181	-0.005661	-2.19317	-0.009083	1.5566
0.246103	1.4829	-0.762472	-0.005531	-2.19304	-0.008858	1.55458
0.247103	1.48466	-0.762761	-0.005403	-2.1929	-0.008636	1.55258
0.248103	1.48638	-0.763047	-0.005278	-2.19277	-0.008419	1.55059
0.249103	1.48808	-0.763332	-0.005154	-2.19263	-0.008205	1.54862
0.250103	1.48974	-0.763615	-0.005033	-2.1925	-0.007994	1.54666
0.251103	1.49137	-0.763895	-0.004913	-2.19237	-0.007788	1.54473
0.252103	1.49297	-0.764173	-0.004796	-2.19224	-0.007585	1.5428
0.253103	1.49454	-0.764449	-0.004681	-2.19211	-0.007386	1.5409
0.254103	1.49608	-0.764722	-0.004567	-2.19198	-0.00719	1.53901
0.255103	1.49759	-0.764993	-0.004456	-2.19185	-0.006998	1.53713
0.256103	1.50053	-0.765529	-0.004239	-2.1916	-0.006625	1.53344
0.257103	1.50053	-0.765529	-0.004239	-2.1916	-0.006625	1.53344
0.258103	1.50196	-0.765793	-0.004134	-2.19148	-0.006443	1.53161
0.259103	1.50337	-0.766055	-0.00403	-2.19136	-0.006265	1.52981
0.260103	1.50474	-0.766315	-0.003928	-2.19124	-0.006091	1.52801
0.261103	1.50609	-0.766572	-0.003829	-2.19112	-0.005919	1.52624
0.262103	1.50742	-0.766827	-0.003731	-2.191	-0.005751	1.52448
0.263103	1.50999	-0.76733	-0.00354	-2.19076	-0.005425	1.52102
0.264103	1.50999	-0.76733	-0.00354	-2.19076	-0.005425	1.52102
0.265103	1.51124	-0.767577	-0.003448	-2.19065	-0.005267	1.51931
0.266103	1.51247	-0.767823	-0.003357	-2.19053	-0.005112	1.51762
0.267103	1.51367	-0.768066	-0.003268	-2.19042	-0.00496	1.51595
0.268103	1.51485	-0.768306	-0.003181	-2.1903	-0.004811	1.51429
0.269103	1.51601	-0.768545	-0.003095	-2.19019	-0.004666	1.51266
0.270103	1.51715	-0.76878	-0.003011	-2.19008	-0.004523	1.51103
0.271103	1.51826	-0.769014	-0.002929	-2.18997	-0.004383	1.50943
0.272103	1.51935	-0.769245	-0.002849	-2.18986	-0.004247	1.50784
0.273103	1.52042	-0.769474	-0.00277	-2.18976	-0.004113	1.50626
0.274103	1.52147	-0.7697	-0.002693	-2.18965	-0.003982	1.50471
0.275103	1.5225	-0.769924	-0.002617	-2.18955	-0.003854	1.50317
0.276103	1.52351	-0.770145	-0.002543	-2.18944	-0.003729	1.50165
0.277103	1.52451	-0.770365	-0.00247	-2.18934	-0.003606	1.50014
0.278103	1.52548	-0.770581	-0.002399	-2.18924	-0.003486	1.49865
0.279103	1.52643	-0.770796	-0.00233	-2.18913	-0.003369	1.49718
0.280103	1.52736	-0.771008	-0.002262	-2.18904	-0.003255	1.49572
0.281103	1.52828	-0.771218	-0.002195	-2.18894	-0.003143	1.49428
0.282103	1.52918	-0.771425	-0.00213	-2.18884	-0.003034	1.49285
0.283103	1.53006	-0.77163	-0.002066	-2.18874	-0.002927	1.49145
0.284103	1.53092	-0.771833	-0.002004	-2.18865	-0.002822	1.49005
0.285103	1.53177	-0.772034	-0.001943	-2.18855	-0.002721	1.48868
0.286103	1.5326	-0.772232	-0.001883	-2.18846	-0.002621	1.48732
0.287103	1.53341	-0.772428	-0.001825	-2.18837	-0.002524	1.48597
0.288103	1.53421	-0.772621	-0.001768	-2.18827	-0.002429	1.48464
0.289103	1.53499	-0.772813	-0.001713	-2.18818	-0.002337	1.48333
0.290103	1.53575	-0.773002	-0.001658	-2.18809	-0.002247	1.48203
0.291103	1.5365	-0.773189	-0.001605	-2.188	-0.002159	1.48075
0.292103	1.53724	-0.773373	-0.001553	-2.18792	-0.002073	1.47948
0.293103	1.53796	-0.773555	-0.001502	-2.18783	-0.001989	1.47823
0.294103	1.53867	-0.773736	-0.001453	-2.18774	-0.001907	1.47699
0.295103	1.53936	-0.773914	-0.001405	-2.18766	-0.001828	1.47577
0.296103	1.54004	-0.774089	-0.001357	-2.18757	-0.00175	1.47457
0.297103	1.5407	-0.774263	-0.001311	-2.18749	-0.001675	1.47337
0.298103	1.54135	-0.774434	-0.001266	-2.18741	-0.001601	1.4722
0.299103	1.54199	-0.774604	-0.001222	-2.18733	-0.001529	1.47104
0.300103	1.54323	-0.774936	-0.001138	-2.18717	-0.001391	1.46876
0.301103	1.54323	-0.774936	-0.001138	-2.18717	-0.001391	1.46876
0.302103	1.54383	-0.775099	-0.001097	-2.18709	-0.001325	1.46764
0.303103	1.54442	-0.77526	-0.001057	-2.18701	-0.001261	1.46653
0.304103	1.545	-0.775419	-0.001018	-2.18694	-0.001198	1.46544
0.305103	1.54556	-0.775575	-0.00098	-2.18686	-0.001137	1.46437
0.306103	1.54612	-0.77573	-0.000944	-2.18679	-0.001078	1.4633
0.307103	1.54666	-0.775883	-0.000908	-2.18671	-0.00102	1.46226
0.308103	1.54719	-0.776034	-0.000873	-2.18664	-0.000964	1.46122
0.309103	1.54771	-0.776182	-0.000838	-2.18657	-0.000909	1.4602
0.310103	1.54822	-0.776329	-0.000805	-2.1865	-0.000856	1.45919
0.311103	1.54872	-0.776474	-0.000773	-2.18643	-0.000805	1.4582
0.312103	1.54921	-0.776617	-0.000741	-2.18636	-0.000755	1.45722
0.313103	1.54969	-0.776758	-0.000711	-2.18629	-0.000706	1.45625
0.314103	1.55016	-0.776897	-0.000681	-2.18622	-0.000659	1.45529
0.315103	1.55062	-0.777034	-0.000652	-2.18615	-0.000614	1.45435
0.316103	1.55107	-0.777169	-0.000623	-2.18609	-0.000569	1.45342
0.317103	1.55151	-0.777303	-0.000596	-2.18602	-0.000526	1.4525
0.318103	1.55194	-0.777434	-0.000569	-2.18596	-0.000484	1.4516
0.319103	1.55236	-0.777564	-0.000543	-2.18589	-0.000444	1.45071
0.320103	1.55278	-0.777692	-0.000518	-2.18583	-0.000405	1.44983
0.321103	1.55318	-0.777818	-0.000493	-2.18577	-0.000367	1.44896
0.322103	1.55397	-0.778065	-0.000446	-2.18565	-0.000294	1.44726
0.323103	1.55397	-0.778065	-0.000446	-2.18565	-0.000294	1.44726
0.324103	1.55435	-0.778186	-0.000423	-2.18559	-0.00026	1.44643
0.325103	1.55472	-0.778306	-0.000401	-2.18553	-0.000227	1.44561
0.326103	1.55544	-0.778539	-0.000359	-2.18541	-0.000163	1.44401
0.327103	1.55544	-0.778539	-0.000359	-2.18541	-0.000163	1.44401
0.328103	1.55579	-0.778653	-0.000339	-2.18535	-0.000133	1.44322
0.329103	1.55614	-0.778766	-0.000319	-2.1853	-0.000104	1.44245
0.330103	1.55647	-0.778877	-0.0003	-2.18524	-7.5e-05	1.44168
0.331103	1.5568	-0.778986	-0.000282	-2.18519	-4.8e-05	1.44093
0.332103	1.55712	-0.779094	-0.000264	-2.18513	-2.2e-05	1.44019
0.333103	1.55744	-0.7792	-0.000247	-2.18508	4e-06	1.43946
0.334103	1.55774	-0.779305	-0.00023	-2.18503	2.8e-05	1.43874
0.335103	1.55804	-0.779408	-0.000214	-2.18498	5.2e-05	1.43803
0.336103	1.55834	-0.77951	-0.000198	-2.18493	7.4e-05	1.43733
0.337103	1.55863	-0.77961	-0.000183	-2.18488	9.6e-05	1.43664
0.338103	1.55891	-0.779709	-0.000168	-2.18483	0.000117	1.43596
0.339103	1.55919	-0.779806	-0.000154	-2.18478	0.000138	1.43529
0.340103	1.55946	-0.779901	-0.00014	-2.18473	0.000157	1.43463
0.341103	1.55972	-0.779996	-0.000126	-2.18468	0.000176	1.43398
0.342103	1.55998	-0.780088	-0.000114	-2.18463	0.000194	1.43334
0.343103	1.56024	-0.78018	-0.000101	-2.18459	0.000211	1.43271
0.344103	1.56048	-0.78027	-8.9e-05	-2.18454	0.000228	1.43209
0.345103	1.56073	-0.780359	-7.7e-05	-2.1845	0.000244	1.43148
0.346103	1.56096	-0.780446	-6.6e-05	-2.18445	0.000259	1.43088
0.347103	1.5612	-0.780532	-5.5e-05	-2.18441	0.000274	1.43029
0.348103	1.56142	-0.780617	-4.4e-05	-2.18437	0.000288	1.4297
0.349103	1.56164	-0.7807	-3.4e-05	-2.18432	0.000301	1.42913
0.350103	1.56186	-0.780782	-2.4e-05	-2.18428	0.000314	1.42856
0.351103	1.56208	-0.780863	-1.5e-05	-2.18424	0.000326	1.428
0.352103	1.56228	-0.780942	-6e-06	-2.1842	0.000338	1.42745
0.353103	1.56249	-0.781021	3e-06	-2.18416	0.000349	1.42691
0.354103	1.56269	-0.781098	1.2e-05	-2.18412	0.000359	1.42638
0.355103	1.56288	-0.781174	2e-05	-2.18408	0.000369	1.42586
0.356103	1.56326	-0.781322	3.5e-05	-2.184	0.000388	1.42483
0.357103	1.56326	-0.781322	3.5e-05	-2.184	0.000388	1.42483
0.358103	1.56344	-0.781394	4.2e-05	-2.18396	0.000396	1.42433
0.359103	1.56362	-0.781465	4.9e-05	-2.18393	0.000404	1.42384
0.360103	1.56379	-0.781535	5.6e-05	-2.18389	0.000412	1.42336
0.361103	1.56396	-0.781604	6.3e-05	-2.18385	0.000419	1.42288
0.362103	1.56429	-0.781739	7.5e-05	-2.18378	0.000433	1.42195
0.363103	1.56445	-0.781805	8e-05	-2.18375	0.000438	1.42149
0.364103	1.56461	-0.781869	8.6e-05	-2.18371	0.000444	1.42105
0.365103	1.56461	-0.781869	8.6e-05	-2.18371	0.000444	1.42105
0.366103	1.56476	-0.781933	9.1e-05	-2.18368	0.000449	1.42061
0.367103	1.56491	-0.781996	9.6e-05	-2.18365	0.000454	1.42017
0.368103	1.56505	-0.782057	0.000101	-2.18362	0.000459	1.41975
0.369103	1.5652	-0.782118	0.000105	-2.18358	0.000463	1.41933
0.370103	1.56533	-0.782177	0.00011	-2.18355	0.000467	1.41891
0.371103	1.56547	-0.782236	0.000114	-2.18352	0.00047	1.41851
0.372103	1.5656	-0.782294	0.000118	-2.18349	0.000474	1.41811
0.373103	1.56573	-0.78235	0.000122	-2.18346	0.000476	1.41772
0.374103	1.56586	-0.782406	0.000125	-2.18343	0.000479	1.41733
0.375103	1.56598	-0.782461	0.000128	-2.1834	0.000481	1.41695
0.376103	1.56611	-0.782515	0.000132	-2.18337	0.000484	1.41657
0.377103	1.56622	-0.782568	0.000135	-2.18334	0.000485	1.41621
0.378103	1.56634	-0.78262	0.000138	-2.18331	0.000487	1.41585
0.379103	1.56645	-0.782672	0.00014	-2.18329	0.000488	1.41549
0.380103	1.56656	-0.782722	0.000143	-2.18326	0.000489	1.41514
0.381103	1.56667	-0.782772	0.000145	-2.18323	0.00049	1.41479
0.382103	1.56678	-0.78282	0.000147	-2.18321	0.000491	1.41446
0.383103	1.56688	-0.782868	0.00015	-2.18318	0.000491	1.41412
0.384103	1.56698	-0.782915	0.000152	-2.18316	0.000491	1.41379
0.385103	1.56708	-0.782962	0.000153	-2.18313	0.000491	1.41347
0.386103	1.56718	-0.783007	0.000155	-2.18311	0.000491	1.41316
0.387103	1.56727	-0.783052	0.000157	-2.18308	0.000491	1.41285
0.388103	1.56736	-0.783096	0.000158	-2.18306	0.00049	1.41254
0.389103	1.56745	-0.783139	0.000159	-2.18303	0.000489	1.41224
0.390103	1.56754	-0.783182	0.000161	-2.18301	0.000488	1.41194
0.391103	1.56762	-0.783224	0.000162	-2.18299	0.000487	1.41165
0.392103	1.56771	-0.783265	0.000163	-2.18296	0.000486	1.41137
0.393103	1.56779	-0.783305	0.000164	-2.18294	0.000485	1.41109
0.394103	1.56787	-0.783345	0.000165	-2.18292	0.000483	1.41081
0.395103	1.56795	-0.783384	0.000165	-2.1829	0.000482	1.41054
0.396103	1.5681	-0.78346	0.000166	-2.18286	0.000478	1.41001
0.397103	1.5681	-0.78346	0.000166	-2.18286	0.000478	1.41001
0.398103	1.56817	-0.783497	0.000167	-2.18284	0.000476	1.40975
0.399103	1.56824	-0.783533	0.000167	-2.18282	0.000474	1.4095
0.400103	1.56838	-0.783604	0.000168	-2.18278	0.000469	1.409
0.401103	1.56838	-0.783604	0.000168	-2.18278	0.000469	1.409
0.402103	1.56844	-0.783638	0.000168	-2.18276	0.000467	1.40876
0.403103	1.56851	-0.783672	0.000168	-2.18274	0.000465	1.40853
0.404103	1.56857	-0.783705	0.000168	-2.18272	0.000462	1.4083
0.405103	1.56863	-0.783738	0.000168	-2.1827	0.000459	1.40807
0.406103	1.56869	-0.78377	0.000168	-2.18268	0.000456	1.40784
0.407103	1.56875	-0.783802	0.000167	-2.18267	0.000454	1.40762
0.408103	1.5688	-0.783833	0.000167	-2.18265	0.000451	1.40741
0.409103	1.56886	-0.783863	0.000167	-2.18263	0.000448	1.40719
0.410103	1.56891	-0.783893	0.000167	-2.18261	0.000445	1.40698
0.411103	1.56896	-0.783922	0.000166	-2.1826	0.000442	1.40678
0.412103	1.56902	-0.783951	0.000166	-2.18258	0.000438	1.40658
0.413103	1.56907	-0.78398	0.000165	-2.18256	0.000435	1.40638
0.414103	1.56912	-0.784007	0.000164	-2.18255	0.000432	1.40618
0.415103	1.56916	-0.784035	0.000164	-2.18253	0.000429	1.40599
0.416103	1.56921	-0.784062	0.000163	-2.18252	0.000425	1.40581
0.417103	1.56926	-0.784088	0.000163	-2.1825	0.000422	1.40562
0.418103	1.5693	-0.784114	0.000162	-2.18249	0.000418	1.40544
0.419103	1.56934	-0.784139	0.000161	-2.18247	0.000415	1.40526
0.420103	1.56943	-0.784189	0.000159	-2.18244	0.000408	1.40492
0.421103	1.56943	-0.784189	0.000159	-2.18244	0.000408	1.40492
0.422103	1.56947	-0.784213	0.000158	-2.18243	0.000404	1.40475
0.423103	1.5695	-0.784236	0.000158	-2.18242	0.000401	1.40458
0.424103	1.56954	-0.784259	0.000157	-2.1824	0.000397	1.40442
0.425103	1.56958	-0.784282	0.000156	-2.18239	0.000393	1.40426
0.426103	1.56962	-0.784304	0.000155	-2.18238	0.00039	1.4041
0.427103	1.56965	-0.784326	0.000154	-2.18236	0.000386	1.40395
0.428103	1.56969	-0.784348	0.000153	-2.18235	0.000382	1.4038
0.429103	1.56972	-0.784369	0.000152	-2.18234	0.000378	1.40365
0.430103	1.56975	-0.78439	0.00015	-2.18233	0.000375	1.40351
0.431103	1.56978	-0.78441	0.000149	-2.18232	0.000371	1.40336
0.432103	1.56981	-0.78443	0.000148	-2.1823	0.000367	1.40322
0.433103	1.56984	-0.784449	0.000147	-2.18229	0.000363	1.40308
0.434103	1.56987	-0.784469	0.000146	-2.18228	0.00036	1.40295
0.435103	1.5699	-0.784488	0.000145	-2.18227	0.000356	1.40282
0.436103	1.56993	-0.784506	0.000144	-2.18226	0.000352	1.40268
0.437103	1.56996	-0.784524	0.000142	-2.18225	0.000348	1.40256
0.438103	1.56998	-0.784542	0.000141	-2.18224	0.000345	1.40243
0.439103	1.57001	-0.784559	0.00014	-2.18223	0.000341	1.40231
0.440103	1.57004	-0.784577	0.000139	-2.18222	0.000337	1.40219
0.441103	1.57006	-0.784593	0.000137	-2.18221	0.000333	1.40207
0.442103	1.57008	-0.78461	0.000136	-2.1822	0.00033	1.40195
0.443103	1.57011	-0.784626	0.000135	-2.18219	0.000326	1.40184
0.444103	1.57013	-0.784642	0.000134	-2.18218	0.000322	1.40173
0.445103	1.57015	-0.784658	0.000132	-2.18217	0.000319	1.40162
0.446103	1.57017	-0.784673	0.000131	-2.18216	0.000315	1.40151
0.447103	1.57019	-0.784688	0.00013	-2.18215	0.000311	1.4014
0.448103	1.57021	-0.784703	0.000129	-2.18214	0.000308	1.4013
0.449103	1.57023	-0.784717	0.000127	-2.18213	0.000304	1.4012
0.450103	1.57025	-0.784731	0.000126	-2.18212	0.0003	1.4011
0.451103	1.57027	-0.784745	0.000125	-2.18212	0.000297	1.401
0.452103	1.57029	-0.784759	0.000123	-2.18211	0.000293	1.4009
0.453103	1.57031	-0.784772	0.000122	-2.1821	0.00029	1.40081
0.454103	1.57032	-0.784785	0.000121	-2.18209	0.000286	1.40071
0.455103	1.57036	-0.784811	0.000118	-2.18208	0.000279	1.40053
0.456103	1.57036	-0.784811	0.000118	-2.18208	0.000279	1.40053
0.457103	1.57037	-0.784823	0.000117	-2.18207	0.000275	1.40045
0.458103	1.57039	-0.784835	0.000116	-2.18206	0.000272	1.40036
0.459103	1.5704	-0.784847	0.000114	-2.18205	0.000268	1.40028
0.460103	1.57042	-0.784859	0.000113	-2.18205	0.000265	1.40019
0.461103	1.57043	-0.78487	0.000112	-2.18204	0.000262	1.40011
0.462103	1.57046	-0.784892	0.000109	-2.18203	0.000255	1.39996
0.463103	1.57046	-0.784892	0.000109	-2.18203	0.000255	1.39996
0.464103	1.57047	-0.784903	0.000108	-2.18202	0.000252	1.39988
0.465103	1.57048	-0.784914	0.000107	-2.18201	0.000248	1.3998
0.466103	1.57051	-0.784934	0.000104	-2.182	0.000242	1.39966
0.467103	1.57051	-0.784934	0.000104	-2.182	0.000242	1.39966
0.468103	1.57053	-0.784954	0.000102	-2.18199	0.000235	1.39952
0.469103	1.57053	-0.784954	0.000102	-2.18199	0.000235	1.39952
0.470103	1.57054	-0.784964	0.0001	-2.18198	0.000232	1.39945
0.471103	1.57055	-0.784973	9.9e-05	-2.18197	0.000229	1.39938
0.472103	1.57056	-0.784982	9.8e-05	-2.18197	0.000226	1.39932
0.473103	1.57057	-0.784991	9.7e-05	-2.18196	0.000223	1.39925
0.474103	1.57058	-0.785	9.6e-05	-2.18196	0.00022	1.39919
0.475103	1.57059	-0.785009	9.4e-05	-2.18195	0.000217	1.39913
0.476103	1.5706	-0.785017	9.3e-05	-2.18195	0.000214	1.39907
0.477103	1.57061	-0.785025	9.2e-05	-2.18194	0.000211	1.39901
0.478103	1.57062	-0.785034	9.1e-05	-2.18194	0.000208	1.39895
0.479103	1.57063	-0.785042	9e-05	-2.18193	0.000205	1.39889
0.480103	1.57063	-0.785049	8.9e-05	-2.18193	0.000202	1.39884
0.481103	1.57064	-0.785057	8.7e-05	-2.18192	0.000199	1.39878
0.482103	1.57065	-0.785065	8.6e-05	-2.18192	0.000196	1.39873
0.483103	1.57066	-0.785072	8.5e-05	-2.18191	0.000193	1.39868
0.484103	1.57066	-0.785079	8.4e-05	-2.18191	0.000191	1.39862
0.485103	1.57067	-0.785086	8.3e-05	-2.1819	0.000188	1.39857
0.486103	1.57068	-0.785093	8.2e-05	-2.1819	0.000185	1.39852
0.487103	1.57069	-0.785107	8e-05	-2.18189	0.00018	1.39843
0.488103	1.57069	-0.785107	8e-05	-2.18189	0.00018	1.39843
0.489103	1.5707	-0.785113	7.8e-05	-2.18189	0.000177	1.39838
0.490103	1.5707	-0.785119	7.7e-05	-2.18188	0.000175	1.39834
0.491103	1.57071	-0.785126	7.6e-05	-2.18188	0.000172	1.39829
0.492103	1.57071	-0.785132	7.5e-05	-2.18187	0.000169	1.39825
0.493103	1.57072	-0.785138	7.4e-05	-2.18187	0.000167	1.3982
0.494103	1.57072	-0.785144	7.3e-05	-2.18187	0.000164	1.39816
0.495103	1.57073	-0.785149	7.2e-05	-2.18186	0.000162	1.39812
0.496103	1.57074	-0.785161	7e-05	-2.18186	0.000157	1.39804
0.497103	1.57074	-0.785166	6.9e-05	-2.18185	0.000155	1.398
0.498103	1.57074	-0.785166	6.9e-05	-2.18185	0.000155	1.398
0.499103	1.57075	-0.785171	6.8e-05	-2.18185	0.000152	1.39796
0.500103	1.57075	-0.785176	6.7e-05	-2.18185	0.00015	1.39793
0.501103	1.57075	-0.785182	6.6e-05	-2.18184	0.000148	1.39789
0.502103	1.57076	-0.785186	6.5e-05	-2.18184	0.000146	1.39785
0.503103	1.57076	-0.785191	6.4e-05	-2.18183	0.000143	1.39782
0.504103	1.57077	-0.785196	6.3e-05	-2.18183	0.000141	1.39779
0.505103	1.57077	-0.785201	6.2e-05	-2.18183	0.000139	1.39775
0.506103	1.57077	-0.785205	6.2e-05	-2.18183	0.000137	1.39772
0.507103	1.57078	-0.78521	6.1e-05	-2.18182	0.000135	1.39769
0.508103	1.57078	-0.785214	6e-05	-2.18182	0.000133	1.39765
0.509103	1.57078	-0.785218	5.9e-05	-2.18182	0.00013	1.39762
0.510103	1.57079	-0.785223	5.8e-05	-2.18181	0.000128	1.39759
0.511103	1.57079	-0.785227	5.7e-05	-2.18181	0.000126	1.39756
0.512103	1.57079	-0.785231	5.6e-05	-2.18181	0.000124	1.39753
0.513103	1.57079	-0.785235	5.5e-05	-2.18181	0.000122	1.39751
0.514103	1.5708	-0.785239	5.5e-05	-2.1818	0.00012	1.39748
0.515103	1.5708	-0.785242	5.4e-05	-2.1818	0.000119	1.39745
0.516103	1.5708	-0.785246	5.3e-05	-2.1818	0.000117	1.39742
0.517103	1.5708	-0.78525	5.2e-05	-2.1818	0.000115	1.3974
0.518103	1.57081	-0.785253	5.1e-05	-2.18179	0.000113	1.39737
0.519103	1.57081	-0.785257	5.1e-05	-2.18179	0.000111	1.39735
0.520103	1.57081	-0.78526	5e-05	-2.18179	0.000109	1.39732
0.521103	1.57081	-0.785263	4.9e-05	-2.18179	0.000108	1.3973
0.522103	1.57081	-0.785267	4.8e-05	-2.18178	0.000106	1.39728
0.523103	1.57082	-0.785273	4.7e-05	-2.18178	0.000102	1.39723
0.524103	1.57082	-0.785273	4.7e-05	-2.18178	0.000102	1.39723
0.525103	1.57082	-0.785276	4.6e-05	-2.18178	0.000101	1.39721
0.526103	1.57082	-0.785279	4.5e-05	-2.18178	9.9e-05	1.39719
0.527103	1.57082	-0.785282	4.5e-05	-2.18177	9.7e-05	1.39716
0.528103	1.57082	-0.785285	4.4e-05	-2.18177	9.6e-05	1.39714
0.529103	1.57082	-0.78529	4.3e-05	-2.18177	9.3e-05	1.3971
0.530103	1.57082	-0.78529	4.3e-05	-2.18177	9.3e-05	1.3971
0.531103	1.57083	-0.785293	4.2e-05	-2.18177	9.1e-05	1.39708
0.532103	1.57083	-0.785295	4.1e-05	-2.18176	9e-05	1.39707
0.533103	1.57083	-0.785298	4.1e-05	-2.18176	8.8e-05	1.39705
0.534103	1.57083	-0.7853	4e-05	-2.18176	8.7e-05	1.39703
0.535103	1.57083	-0.785303	3.9e-05	-2.18176	8.5e-05	1.39701
0.536103	1.57083	-0.785305	3.9e-05	-2.18176	8.4e-05	1.39699
0.537103	1.57083	-0.785308	3.8e-05	-2.18175	8.2e-05	1.39698
0.538103	1.57083	-0.78531	3.7e-05	-2.18175	8.1e-05	1.39696
0.539103	1.57083	-0.785312	3.7e-05	-2.18175	8e-05	1.39694
0.540103	1.57083	-0.785314	3.6e-05	-2.18175	7.8e-05	1.39693
0.541103	1.57083	-0.785316	3.6e-05	-2.18175	7.7e-05	1.39691
0.542103	1.57084	-0.785318	3.5e-05	-2.18175	7.6e-05	1.3969
0.543103	1.57084	-0.78532	3.4e-05	-2.18175	7.4e-05	1.39688
0.544103	1.57084	-0.785322	3.4e-05	-2.18174	7.3e-05	1.39687
0.545103	1.57084	-0.785324	3.3e-05	-2.18174	7.2e-05	1.39685
0.546103	1.57084	-0.785326	3.3e-05	-2.18174	7.1e-05	1.39684
0.547103	1.57084	-0.785328	3.2e-05	-2.18174	6.9e-05	1.39682
0.548103	1.57084	-0.78533	3.2e-05	-2.18174	6.8e-05	1.39681
0.549103	1.57084	-0.785332	3.1e-05	-2.18174	6.7e-05	1.3968
0.550103	1.57084	-0.785333	3.1e-05	-2.18174	6.6e-05	1.39678
0.551103	1.57084	-0.785335	3e-05	-2.18174	6.5e-05	1.39677
0.552103	1.57084	-0.785337	3e-05	-2.18173	6.4e-05	1.39676
0.553103	1.57084	-0.785338	2.9e-05	-2.18173	6.2e-05	1.39675
0.554103	1.57084	-0.78534	2.9e-05	-2.18173	6.1e-05	1.39674
0.555103	1.57084	-0.785342	2.8e-05	-2.18173	6e-05	1.39672
0.556103	1.57084	-0.785343	2.8e-05	-2.18173	5.9e-05	1.39671
0.557103	1.57084	-0.785345	2.7e-05	-2.18173	5.8e-05	1.3967
0.558103	1.57084	-0.785346	2.7e-05	-2.18173	5.7e-05	1.39669
0.559103	1.57084	-0.785347	2.6e-05	-2.18173	5.6e-05	1.39668
0.560103	1.57084	-0.785349	2.6e-05	-2.18173	5.5e-05	1.39667
0.561103	1.57084	-0.78535	2.5e-05	-2.18172	5.4e-05	1.39666
0.562103	1.57084	-0.785352	2.5e-05	-2.18172	5.3e-05	1.39665
0.563103	1.57084	-0.785353	2.4e-05	-2.18172	5.2e-05	1.39664
0.564103	1.57084	-0.785354	2.4e-05	-2.18172	5.1e-05	1.39663
0.565103	1.57084	-0.785355	2.4e-05	-2.18172	5e-05	1.39662
0.566103	1.57084	-0.785358	2.3e-05	-2.18172	4.9e-05	1.39661
0.567103	1.57084	-0.785358	2.3e-05	-2.18172	4.9e-05	1.39661
0.568103	1.57084	-0.785359	2.2e-05	-2.18172	4.8e-05	1.3966
0.569103	1.57084	-0.78536	2.2e-05	-2.18172	4.7e-05	1.39659
0.570103	1.57084	-0.785361	2.2e-05	-2.18172	4.6e-05	1.39658
0.571103	1.57084	-0.785362	2.1e-05	-2.18172	4.5e-05	1.39657
0.572103	1.57084	-0.785363	2.1e-05	-2.18172	4.4e-05	1.39657
0.573103	1.57084	-0.785364	2.1e-05	-2.18171	4.4e-05	1.39656
0.574103	1.57084	-0.785365	2e-05	-2.18171	4.3e-05	1.39655
0.575103	1.57084	-0.785366	2e-05	-2.18171	4.2e-05	1.39654
0.576103	1.57084	-0.785367	1.9e-05	-2.18171	4.1e-05	1.39654
0.577103	1.57084	-0.785368	1.9e-05	-2.18171	4.1e-05	1.39653
0.578103	1.57084	-0.785369	1.9e-05	-2.18171	4e-05	1.39652
0.579103	1.57084	-0.78537	1.8e-05	-2.18171	3.9e-05	1.39652
0.580103	1.57084	-0.785371	1.8e-05	-2.18171	3.8e-05	1.39651
0.581103	1.57084	-0.785371	1.8e-05	-2.18171	3.8e-05	1.3965
0.582103	1.57084	-0.785372	1.7e-05	-2.18171	3.7e-05	1.3965
0.583103	1.57084	-0.785373	1.7e-05	-2.18171	3.6e-05	1.39649
0.584103	1.57084	-0.785374	1.7e-05	-2.18171	3.6e-05	1.39648
0.585103	1.57084	-0.785375	1.7e-05	-2.18171	3.5e-05	1.39648
0.586103	1.57084	-0.785375	1.6e-05	-2.18171	3.4e-05	1.39647
0.587103	1.57084	-0.785376	1.6e-05	-2.18171	3.4e-05	1.39647
0.588103	1.57084	-0.785377	1.5e-05	-2.1817	3.2e-05	1.39646
0.589103	1.57084	-0.785377	1.5e-05	-2.1817	3.2e-05	1.39646
0.590103	1.57084	-0.785378	1.5e-05	-2.1817	3.2e-05	1.39645
0.591103	1.57084	-0.785379	1.5e-05	-2.1817	3.1e-05	1.39645
0.592103	1.57084	-0.785379	1.5e-05	-2.1817	3.1e-05	1.39644
0.593103	1.57084	-0.78538	1.4e-05	-2.1817	3e-05	1.39644
0.594103	1.57083	-0.785381	1.4e-05	-2.1817	3e-05	1.39643
0.595103	1.57083	-0.785381	1.4e-05	-2.1817	2.9e-05	1.39643
0.596103	1.57083	-0.785382	1.3e-05	-2.1817	2.8e-05	1.39642
0.597103	1.57083	-0.785382	1.3e-05	-2.1817	2.8e-05	1.39642
0.598103	1.57083	-0.785383	1.3e-05	-2.1817	2.7e-05	1.39642
0.599103	1.57083	-0.785383	1.3e-05	-2.1817	2.7e-05	1.39641
0.600103	1.57083	-0.785384	1.3e-05	-2.1817	2.6e-05	1.39641
0.601103	1.57083	-0.785385	1.2e-05	-2.1817	2.6e-05	1.3964
0.602103	1.57083	-0.785385	1.2e-05	-2.1817	2.5e-05	1.3964
0.603103	1.57083	-0.785386	1.2e-05	-2.1817	2.4e-05	1.39639
0.604103	1.57083	-0.785386	1.2e-05	-2.1817	2.4e-05	1.39639
0.605103	1.57083	-0.785386	1.1e-05	-2.1817	2.4e-05	1.39639
0.606103	1.57083	-0.785387	1.1e-05	-2.1817	2.3e-05	1.39639
0.607103	1.57083	-0.785387	1.1e-05	-2.18169	2.3e-05	1.39638
0.608103	1.57083	-0.785388	1.1e-05	-2.18169	2.3e-05	1.39638
0.609103	1.57083	-0.785388	1.1e-05	-2.18169	2.2e-05	1.39638
0.610103	1.57083	-0.785389	1e-05	-2.18169	2.2e-05	1.39637
0.611103	1.57083	-0.785389	1e-05	-2.18169	2.1e-05	1.39637
0.612103	1.57083	-0.785389	1e-05	-2.18169	2.1e-05	1.39637
0.613103	1.57083	-0.78539	1e-05	-2.18169	2e-05	1.39636
0.614103	1.57083	-0.78539	1e-05	-2.18169	2e-05	1.39636
0.615103	1.57083	-0.78539	9e-06	-2.18169	2e-05	1.39636
0.616103	1.57083	-0.785391	9e-06	-2.18169	1.9e-05	1.39636
0.617103	1.57083	-0.785391	9e-06	-2.18169	1.9e-05	1.39635
0.618103	1.57083	-0.785391	9e-06	-2.18169	1.9e-05	1.39635
0.619103	1.57083	-0.785392	9e-06	-2.18169	1.8e-05	1.39635
0.620103	1.57083	-0.785392	9e-06	-2.18169	1.8e-05	1.39634
0.621103	1.57083	-0.785392	8e-06	-2.18169	1.8e-05	1.39634
0.622103	1.57083	-0.785393	8e-06	-2.18169	1.7e-05	1.39634
0.623103	1.57082	-0.785393	8e-06	-2.18169	1.7e-05	1.39634
0.624103	1.57082	-0.785394	8e-06	-2.18169	1.6e-05	1.39633
0.625103	1.57082	-0.785394	8e-06	-2.18169	1.6e-05	1.39633
0.626103	1.57082	-0.785394	7e-06	-2.18169	1.6e-05	1.39633
0.627103	1.57082	-0.785394	7e-06	-2.18169	1.6e-05	1.39633
0.628103	1.57082	-0.785394	7e-06	-2.18169	1.5e-05	1.39633
0.629103	1.57082	-0.785395	7e-06	-2.18169	1.5e-05	1.39633
0.630103	1.57082	-0.785395	7e-06	-2.18169	1.5e-05	1.39632
0.631103	1.57082	-0.785395	7e-06	-2.18169	1.4e-05	1.39632
0.632103	1.57082	-0.785395	7e-06	-2.18169	1.4e-05	1.39632
0.633103	1.57082	-0.785395	7e-06	-2.18169	1.4e-05	1.39632
0.634103	1.57082	-0.785396	7e-06	-2.18169	1.3e-05	1.39632
0.635103	1.57082	-0.785396	6e-06	-2.18169	1.3e-05	1.39631
0.636103	1.57082	-0.785396	6e-06	-2.18169	1.3e-05	1.39631
0.637103	1.57082	-0.785396	6e-06	-2.18169	1.3e-05	1.39631
0.638103	1.57082	-0.785396	6e-06	-2.18169	1.2e-05	1.39631
0.639103	1.57082	-0.785397	6e-06	-2.18169	1.2e-05	1.39631
0.640103	1.57082	-0.785397	6e-06	-2.18169	1.2e-05	1.39631
0.641103	1.57082	-0.785397	6e-06	-2.18169	1.2e-05	1.39631
0.642103	1.57082	-0.785397	6e-06	-2.18169	1.1e-05	1.3963
0.643103	1.57082	-0.785397	5e-06	-2.18169	1.1e-05	1.3963
0.644103	1.57082	-0.785398	5e-06	-2.18169	1.1e-05	1.3963
0.645103	1.57082	-0.785398	5e-06	-2.18169	1.1e-05	1.3963
0.646103	1.57082	-0.785398	5e-06	-2.18169	1.1e-05	1.3963
0.647103	1.57082	-0.785398	5e-06	-2.18169	1e-05	1.3963
0.648103	1.57082	-0.785398	5e-06	-2.18169	1e-05	1.3963
0.649103	1.57082	-0.785398	5e-06	-2.18168	1e-05	1.3963
0.650103	1.57082	-0.785398	5e-06	-2.18168	1e-05	1.3963
0.651103	1.57082	-0.785399	5e-06	-2.18168	1e-05	1.39629
0.652103	1.57082	-0.785399	5e-06	-2.18168	9e-06	1.39629
0.653103	1.57082	-0.785399	4e-06	-2.18168	9e-06	1.39629
0.654103	1.57082	-0.785399	4e-06	-2.18168	9e-06	1.39629
0.655103	1.57082	-0.785399	4e-06	-2.18168	9e-06	1.39629
0.656103	1.57082	-0.785399	4e-06	-2.18168	8e-06	1.39629
0.657103	1.57082	-0.785399	4e-06	-2.18168	8e-06	1.39629
0.658103	1.57082	-0.785399	4e-06	-2.18168	8e-06	1.39629
0.659103	1.57081	-0.785399	4e-06	-2.18168	8e-06	1.39629
0.660103	1.57081	-0.7854	4e-06	-2.18168	8e-06	1.39629
0.661103	1.57081	-0.7854	4e-06	-2.18168	8e-06	1.39628
0.662103	1.57081	-0.7854	4e-06	-2.18168	8e-06	1.39628
0.663103	1.57081	-0.7854	4e-06	-2.18168	7e-06	1.39628
0.664103	1.57081	-0.7854	4e-06	-2.18168	7e-06	1.39628
0.665103	1.57081	-0.7854	3e-06	-2.18168	7e-06	1.39628
0.666103	1.57081	-0.7854	3e-06	-2.18168	7e-06	1.39628
0.667103	1.57081	-0.7854	3e-06	-2.18168	7e-06	1.39628
0.668103	1.57081	-0.7854	3e-06	-2.18168	7e-06	1.39628
0.669103	1.57081	-0.7854	3e-06	-2.18168	7e-06	1.39628
0.670103	1.57081	-0.7854	3e-06	-2.18168	6e-06	1.39628
0.671103	1.57081	-0.7854	3e-06	-2.18168	6e-06	1.39628
0.672103	1.57081	-0.7854	3e-06	-2.18168	6e-06	1.39628
0.673103	1.57081	-0.785401	3e-06	-2.18168	6e-06	1.39628
0.674103	1.57081	-0.785401	3e-06	-2.18168	6e-06	1.39628
0.675103	1.57081	-0.785401	3e-06	-2.18168	6e-06	1.39628
0.676103	1.57081	-0.785401	3e-06	-2.18168	6e-06	1.39627
0.677103	1.57081	-0.785401	3e-06	-2.18168	6e-06	1.39627
0.678103	1.57081	-0.785401	3e-06	-2.18168	5e-06	1.39627
0.679103	1.57081	-0.785401	3e-06	-2.18168	5e-06	1.39627
0.680103	1.57081	-0.785401	3e-06	-2.18168	5e-06	1.39627
0.681103	1.57081	-0.785401	2e-06	-2.18168	5e-06	1.39627
0.682103	1.57081	-0.785401	2e-06	-2.18168	5e-06	1.39627
0.683103	1.57081	-0.785401	2e-06	-2.18168	5e-06	1.39627
0.684103	1.57081	-0.785401	2e-06	-2.18168	5e-06	1.39627
0.685103	1.57081	-0.785401	2e-06	-2.18168	5e-06	1.39627
0.686103	1.57081	-0.785401	2e-06	-2.18168	5e-06	1.39627
0.687103	1.57081	-0.785401	2e-06	-2.18168	4e-06	1.39627
0.688103	1.57081	-0.785401	2e-06	-2.18168	4e-06	1.39627
0.689103	1.57081	-0.785401	2e-06	-2.18168	4e-06	1.39627
0.690103	1.57081	-0.785401	2e-06	-2.18168	4e-06	1.39627
0.691103	1.57081	-0.785401	2e-06	-2.18168	4e-06	1.39627
0.692103	1.57081	-0.785401	2e-06	-2.18168	4e-06	1.39627
0.693103	1.57081	-0.785401	2e-06	-2.18168	4e-06	1.39627
0.694103	1.57081	-0.785401	2e-06	-2.18168	4e-06	1.39627
0.695103	1.57081	-0.785402	2e-06	-2.18168	4e-06	1.39627
0.696103	1.57081	-0.785402	2e-06	-2.18168	4e-06	1.39627
0.697103	1.57081	-0.785402	2e-06	-2.18168	4e-06	1.39627
0.698103	1.57081	-0.785402	2e-06	-2.18168	3e-06	1.39627
0.699103	1.57081	-0.785402	2e-06	-2.18168	3e-06	1.39627
0.700103	1.57081	-0.785402	2e-06	-2.18168	3e-06	1.39627
0.701103	1.57081	-0.785402	2e-06	-2.18168	3e-06	1.39627
0.702103	1.57081	-0.785402	2e-06	-2.18168	3e-06	1.39627
0.703103	1.57081	-0.785402	2e-06	-2.18168	3e-06	1.39627
0.704103	1.57081	-0.785402	2e-06	-2.18168	3e-06	1.39627
0.705103	1.57081	-0.785402	1e-06	-2.18168	3e-06	1.39627
0.706103	1.57081	-0.785402	1e-06	-2.18168	3e-06	1.39627
0.707103	1.57081	-0.785402	1e-06	-2.18168	3e-06	1.39627
0.708103	1.57081	-0.785402	1e-06	-2.18168	3e-06	1.39627
0.709103	1.57081	-0.785402	1e-06	-2.18168	3e-06	1.39627
0.710103	1.5708	-0.785402	1e-06	-2.18168	3e-06	1.39627
0.711103	1.5708	-0.785402	1e-06	-2.18168	3e-06	1.39627
0.712103	1.5708	-0.785402	1e-06	-2.18168	3e-06	1.39627
0.713103	1.5708	-0.785402	1e-06	-2.18168	2e-06	1.39626
0.714103	1.5708	-0.785402	1e-06	-2.18168	2e-06	1.39626
0.715103	1.5708	-0.785402	1e-06	-2.18168	2e-06	1.39626
0.716103	1.5708	-0.785402	1e-06	-2.18168	2e-06	1.39626
0.717103	1.5708	-0.785402	1e-06	-2.18168	2e-06	1.39626
0.718103	1.5708	-0.785402	1e-06	-2.18168	2e-06	1.39626
0.719103	1.5708	-0.785402	1e-06	-2.18168	2e-06	1.39626
0.720103	1.5708	-0.785402	1e-06	-2.18168	2e-06	1.39626
0.721103	1.5708	-0.785402	1e-06	-2.18168	2e-06	1.39626
0.722103	1.5708	-0.785402	1e-06	-2.18168	2e-06	1.39626
0.723103	1.5708	-0.785402	1e-06	-2.18168	2e-06	1.39626
0.724103	1.5708	-0.785402	1e-06	-2.18168	2e-06	1.39626
0.725103	1.5708	-0.785402	1e-06	-2.18168	2e-06	1.39626
0.726103	1.5708	-0.785402	1e-06	-2.18168	2e-06	1.39626
0.727103	1.5708	-0.785402	1e-06	-2.18168	2e-06	1.39626
0.728103	1.5708	-0.785402	1e-06	-2.18168	2e-06	1.39626
0.729103	1.5708	-0.785402	1e-06	-2.18168	2e-06	1.39626
0.730103	1.5708	-0.785402	1e-06	-2.18168	2e-06	1.39626
0.731103	1.5708	-0.785402	1e-06	-2.18168	2e-06	1.39626
0.732103	1.5708	-0.785402	1e-06	-2.18168	2e-06	1.39626
0.733103	1.5708	-0.785402	1e-06	-2.18168	2e-06	1.39626
0.734103	1.5708	-0.785402	1e-06	-2.18168	2e-06	1.39626
0.735103	1.5708	-0.785402	1e-06	-2.18168	1e-06	1.39626
0.736103	1.5708	-0.785402	1e-06	-2.18168	1e-06	1.39626
0.737103	1.5708	-0.785402	1e-06	-2.18168	1e-06	1.39626
0.738103	1.5708	-0.785402	1e-06	-2.18168	1e-06	1.39626
0.739103	1.5708	-0.785402	1e-06	-2.18168	1e-06	1.39626
0.740103	1.5708	-0.785402	1e-06	-2.18168	1e-06	1.39626
0.741103	1.5708	-0.785402	1e-06	-2.18168	1e-06	1.39626
0.742103	1.5708	-0.785402	1e-06	-2.18168	1e-06	1.39626
0.743103	1.5708	-0.785402	1e-06	-2.18168	1e-06	1.39626
0.744103	1.5708	-0.785402	1e-06	-2.18168	1e-06	1.39626
0.745103	1.5708	-0.785402	1e-06	-2.18168	1e-06	1.39626
0.746103	1.5708	-0.785402	1e-06	-2.18168	1e-06	1.39626
0.747103	1.5708	-0.785402	1e-06	-2.18168	1e-06	1.39626
0.748103	1.5708	-0.785402	1e-06	-2.18168	1e-06	1.39626
0.749103	1.5708	-0.785402	1e-06	-2.18168	1e-06	1.39626
0.750103	1.5708	-0.785402	1e-06	-2.18168	1e-06	1.39626
0.751103	1.5708	-0.785402	0	-2.18168	1e-06	1.39626
0.752103	1.5708	-0.785402	0	-2.18168	1e-06	1.39626
0.753103	1.5708	-0.785402	0	-2.18168	1e-06	1.39626
0.754103	1.5708	-0.785402	0	-2.18168	1e-06	1.39626
0.755103	1.5708	-0.785402	0	-2.18168	1e-06	1.39626
0.756103	1.5708	-0.785402	0	-2.18168	1e-06	1.39626
0.757103	1.5708	-0.785402	0	-2.18168	1e-06	1.39626
0.758103	1.5708	-0.785402	0	-2.18168	1e-06	1.39626
0.759103	1.5708	-0.785402	0	-2.18168	1e-06	1.39626
0.760103	1.5708	-0.785402	0	-2.18168	1e-06	1.39626
0.761103	1.5708	-0.785402	0	-2.18168	1e-06	1.39626
0.762103	1.5708	-0.785402	0	-2.18168	1e-06	1.39626
0.763103	1.5708	-0.785402	0	-2.18168	1e-06	1.39626
0.764103	1.5708	-0.785402	0	-2.18168	1e-06	1.39626
0.765103	1.5708	-0.785402	0	-2.18168	1e-06	1.39626
0.766103	1.5708	-0.785402	0	-2.18168	1e-06	1.39626
0.767103	1.5708	-0.785402	0	-2.18168	1e-06	1.39626
0.768103	1.5708	-0.785402	0	-2.18168	1e-06	1.39626
0.769103	1.5708	-0.785402	0	-2.18168	1e-06	1.39626
0.770103	1.5708	-0.785402	0	-2.18168	1e-06	1.39626
0.771103	1.5708	-0.785402	0	-2.18168	1e-06	1.39626
0.772103	1.5708	-0.785402	0	-2.18168	1e-06	1.39626
0.773103	1.5708	-0.785402	0	-2.18168	1e-06	1.39626
0.774103	1.5708	-0.785402	0	-2.18168	1e-06	1.39626
0.775103	1.5708	-0.785402	0	-2.18168	1e-06	1.39626
0.776103	1.5708	-0.785402	0	-2.18168	1e-06	1.39626
0.777103	1.5708	-0.785402	0	-2.18168	0	1.39626
0.778103	1.5708	-0.785402	0	-2.18168	0	1.39626
0.779103	1.5708	-0.785402	0	-2.18168	0	1.39626
0.780103	1.5708	-0.785402	0	-2.18168	0	1.39626
0.781103	1.5708	-0.785402	0	-2.18168	0	1.39626
0.782103	1.5708	-0.785402	0	-2.18168	0	1.39626
0.783103	1.5708	-0.785402	0	-2.18168	0	1.39626
0.784103	1.5708	-0.785402	0	-2.18168	0	1.39626
0.785103	1.5708	-0.785402	0	-2.18168	0	1.39626
0.786103	1.5708	-0.785402	0	-2.18168	0	1.39626
0.787103	1.5708	-0.785402	0	-2.18168	0	1.39626
0.788103	1.5708	-0.785402	0	-2.18168	0	1.39626
0.789103	1.5708	-0.785402	0	-2.18168	0	1.39626
0.790103	1.5708	-0.785402	0	-2.18168	0	1.39626
0.791103	1.5708	-0.785402	0	-2.18168	0	1.39626
0.792103	1.5708	-0.785402	0	-2.18168	0	1.39626
0.793103	1.5708	-0.785402	0	-2.18168	0	1.39626
0.794103	1.5708	-0.785402	0	-2.18168	0	1.39626
0.795103	1.5708	-0.785402	0	-2.18168	0	1.39626
0.796103	1.5708	-0.785402	0	-2.18168	0	1.39626
0.797103	1.5708	-0.785402	0	-2.18168	0	1.39626
0.798103	1.5708	-0.785402	0	-2.18168	0	1.39626
0.799103	1.5708	-0.785402	0	-2.18168	0	1.39626
0.800103	1.5708	-0.785402	0	-2.18168	0	1.39626
0.801103	1.5708	-0.785402	0	-2.18168	0	1.39626
0.802103	1.5708	-0.785402	0	-2.18168	0	1.39626
0.803103	1.5708	-0.785402	0	-2.18168	0	1.39626
0.804103	1.5708	-0.785402	0	-2.18168	0	1.39626
0.805103	1.5708	-0.785402	0	-2.18168	0	1.39626
0.806103	1.5708	-0.785402	0	-2.18168	0	1.39626
0.807103	1.5708	-0.785402	0	-2.18168	0	1.39626
0.808103	1.5708	-0.785402	0	-2.18168	0	1.39626
0.809103	1.5708	-0.785402	0	-2.18168	0	1.39626
0.810103	1.5708	-0.785402	0	-2.18168	0	1.39626
0.811103	1.5708	-0.785402	0	-2.18168	0	1.39626
0.812103	1.5708	-0.785402	0	-2.18168	0	1.39626
0.813103	1.5708	-0.785402	0	-2.18168	0	1.39626
0.814103	1.5708	-0.785402	0	-2.18168	0	1.39626
0.815103	1.5708	-0.785402	0	-2.18168	0	1.39626
0.816103	1.5708	-0.785402	0	-2.18168	0	1.39626
0.817103	1.5708	-0.785402	0	-2.18168	0	1.39626
0.818103	1.5708	-0.785402	0	-2.18168	0	1.39626
0.819103	1.5708	-0.785402	0	-2.18168	0	1.39626
0.820103	1.5708	-0.785402	0	-2.18168	0	1.39626
0.821103	1.5708	-0.785402	0	-2.18168	0	1.39626
0.822103	1.5708	-0.785402	0	-2.18168	0	1.39626
0.823103	1.5708	-0.785402	0	-2.18168	0	1.39626
0.824103	1.5708	-0.785402	0	-2.18168	0	1.39626
0.825103	1.5708	-0.785402	0	-2.18168	0	1.39626
0.826103	1.5708	-0.785402	0	-2.18168	0	1.39626
0.827103	1.5708	-0.785402	0	-2.18168	0	1.39626
0.828103	1.5708	-0.785402	0	-2.18168	0	1.39626
0.829103	1.5708	-0.785402	0	-2.18168	0	1.39626
0.830103	1.5708	-0.785402	0	-2.18168	0	1.39626
0.831103	1.5708	-0.785402	0	-2.18168	0	1.39626
0.832103	1.5708	-0.785401	0	-2.18168	0	1.39626
0.833103	1.5708	-0.785401	0	-2.18168	0	1.39626
0.834103	1.5708	-0.785401	0	-2.18168	0	1.39626
0.835103	1.5708	-0.785401	0	-2.18168	0	1.39626
0.836103	1.5708	-0.785401	0	-2.18168	0	1.39626
0.837103	1.5708	-0.785401	0	-2.18168	0	1.39626
0.838103	1.5708	-0.785401	0	-2.18168	0	1.39626
0.839103	1.5708	-0.785401	0	-2.18168	0	1.39626
0.840103	1.5708	-0.785401	0	-2.18168	0	1.39626
0.841103	1.5708	-0.785401	0	-2.18168	0	1.39626
0.842103	1.5708	-0.785401	0	-2.18168	0	1.39626
0.843103	1.5708	-0.785401	0	-2.18168	0	1.39626
0.844103	1.5708	-0.785401	0	-2.18168	0	1.39626
0.845103	1.5708	-0.785401	0	-2.18168	0	1.39626
0.846103	1.5708	-0.785401	0	-2.18168	0	1.39626
0.847103	1.5708	-0.785401	0	-2.18168	0	1.39626
0.848103	1.5708	-0.785401	0	-2.18168	0	1.39626
0.849103	1.5708	-0.785401	0	-2.18168	0	1.39626
0.850103	1.5708	-0.785401	0	-2.18168	0	1.39626
0.851103	1.5708	-0.785401	0	-2.18168	0	1.39626
0.852103	1.5708	-0.785401	0	-2.18168	0	1.39626
0.853103	1.5708	-0.785401	0	-2.18168	0	1.39626
0.854103	1.5708	-0.785401	0	-2.18168	0	1.39626
0.855103	1.5708	-0.785401	0	-2.18168	0	1.39626
0.856103	1.5708	-0.785401	0	-2.18168	0	1.39626
0.857103	1.5708	-0.785401	0	-2.18168	0	1.39626
0.858103	1.5708	-0.785401	0	-2.18168	0	1.39626
0.859103	1.5708	-0.785401	0	-2.18168	0	1.39626
0.860103	1.5708	-0.785401	0	-2.18168	0	1.39626
0.861103	1.5708	-0.785401	0	-2.18168	0	1.39626
0.862103	1.5708	-0.785401	0	-2.18168	0	1.39626
0.863103	1.5708	-0.785401	0	-2.18168	0	1.39626
0.864103	1.5708	-0.785401	0	-2.18168	0	1.39626
0.865103	1.5708	-0.785401	0	-2.18168	0	1.39626
0.866103	1.5708	-0.785401	0	-2.18168	0	1.39626
0.867103	1.5708	-0.785401	0	-2.18168	0	1.39626
0.868103	1.5708	-0.785401	0	-2.18168	0	1.39626
0.869103	1.5708	-0.785401	0	-2.18168	0	1.39626
0.870103	1.5708	-0.785401	0	-2.18168	0	1.39626
0.871103	1.5708	-0.785401	0	-2.18168	0	1.39626
0.872103	1.5708	-0.785401	0	-2.18168	0	1.39626
0.873103	1.5708	-0.785401	0	-2.18168	0	1.39626
0.874103	1.5708	-0.785401	0	-2.18168	0	1.39626
0.875103	1.5708	-0.785401	0	-2.18168	0	1.39626
0.876103	1.5708	-0.785401	0	-2.18168	0	1.39626
0.877103	1.5708	-0.785401	0	-2.18168	0	1.39626
0.878103	1.5708	-0.785401	0	-2.18168	0	1.39626
0.879103	1.5708	-0.785401	0	-2.18168	0	1.39626
0.880103	1.5708	-0.785401	0	-2.18168	0	1.39626
0.881103	1.5708	-0.785401	0	-2.18168	0	1.39626
0.882103	1.5708	-0.785401	0	-2.18168	0	1.39626
0.883103	1.5708	-0.785401	0	-2.18168	0	1.39626
0.884103	1.5708	-0.785401	0	-2.18168	0	1.39626
0.885103	1.5708	-0.785401	0	-2.18168	0	1.39626
0.886103	1.5708	-0.785401	0	-2.18168	0	1.39626
0.887103	1.5708	-0.785401	0	-2.18168	0	1.39626
0.888103	1.5708	-0.785401	0	-2.18168	0	1.39626
0.889103	1.5708	-0.785401	0	-2.18168	0	1.39626
0.890103	1.5708	-0.785401	0	-2.18168	0	1.39626
0.891103	1.5708	-0.785401	0	-2.18168	0	1.39626
0.892103	1.5708	-0.785401	0	-2.18168	0	1.39626
0.893103	1.5708	-0.785401	0	-2.18168	0	1.39626
0.894103	1.5708	-0.785401	0	-2.18168	0	1.39626
0.895103	1.5708	-0.785401	0	-2.18168	0	1.39626
0.896103	1.5708	-0.785402	0	-2.18168	0	1.39626
0.897103	1.5708	-0.785402	0	-2.18168	0	1.39626
0.898103	1.5708	-0.785402	0	-2.18168	0	1.39626
0.899103	1.5708	-0.785402	0	-2.18168	0	1.39626
0.900103	1.5708	-0.785402	0	-2.18168	0	1.39626
0.901103	1.5708	-0.785402	0	-2.18168	0	1.39626
0.902103	1.5708	-0.785402	0	-2.18168	0	1.39626
0.903103	1.5708	-0.785402	0	-2.18168	0	1.39626
0.904103	1.5708	-0.785402	0	-2.18168	0	1.39626
0.905103	1.5708	-0.785402	0	-2.18168	0	1.39626
0.906103	1.5708	-0.785402	0	-2.18168	0	1.39626
0.907103	1.5708	-0.785402	0	-2.18168	0	1.39626
0.908103	1.5708	-0.785402	0	-2.18168	0	1.39626
0.909103	1.5708	-0.785402	0	-2.18168	0	1.39626
0.910103	1.5708	-0.785402	0	-2.18168	0	1.39626
0.911103	1.5708	-0.785402	0	-2.18168	0	1.39626
0.912103	1.5708	-0.785402	0	-2.18168	0	1.39626
0.913103	1.5708	-0.785402	0	-2.18168	0	1.39626
0.914103	1.5708	-0.785402	0	-2.18168	0	1.39626
0.915103	1.5708	-0.785402	0	-2.18168	0	1.39626
0.916103	1.5708	-0.785402	0	-2.18168	0	1.39626
0.917103	1.5708	-0.785402	0	-2.18168	0	1.39626
0.918103	1.5708	-0.785402	0	-2.18168	0	1.39626
0.919103	1.5708	-0.785402	0	-2.18168	0	1.39626
0.920103	1.5708	-0.785402	0	-2.18168	0	1.39626
0.921103	1.5708	-0.785401	0	-2.18168	0	1.39626
0.922103	1.5708	-0.785401	0	-2.18168	0	1.39627
0.923103	1.5708	-0.785401	0	-2.18168	0	1.39627
0.924103	1.5708	-0.785401	0	-2.18168	0	1.39627
0.925103	1.5708	-0.785401	0	-2.18168	0	1.39627
0.926103	1.5708	-0.785401	0	-2.18168	0	1.39627
0.927103	1.5708	-0.785401	0	-2.18168	0	1.39627
0.928103	1.5708	-0.785401	0	-2.18168	0	1.39627
0.929103	1.5708	-0.785401	0	-2.18168	0	1.39627
0.930103	1.5708	-0.785401	0	-2.18168	0	1.39627
0.931103	1.5708	-0.785401	0	-2.18168	0	1.39627
0.932103	1.5708	-0.785401	0	-2.18168	0	1.39627
0.933103	1.5708	-0.785401	0	-2.18168	0	1.39627
0.934103	1.5708	-0.785401	0	-2.18168	0	1.39627
0.935103	1.5708	-0.785401	0	-2.18168	0	1.39627
0.936103	1.5708	-0.785401	0	-2.18168	0	1.39627
0.937103	1.5708	-0.785401	0	-2.18168	0	1.39627
0.938103	1.5708	-0.785401	0	-2.18168	0	1.39627
0.939103	1.5708	-0.785401	0	-2.18168	0	1.39627
0.940103	1.5708	-0.785401	0	-2.18168	0	1.39627
0.941103	1.5708	-0.785401	0	-2.18168	0	1.39627
0.942103	1.5708	-0.785401	0	-2.18168	0	1.39627
0.943103	1.5708	-0.785401	0	-2.18168	0	1.39627
0.944103	1.5708	-0.785401	0	-2.18168	0	1.39627
0.945103	1.5708	-0.785401	0	-2.18168	0	1.39627
0.946103	1.5708	-0.785401	0	-2.18168	0	1.39627
0.947103	1.5708	-0.785401	0	-2.18168	0	1.39627
0.948103	1.5708	-0.785401	0	-2.18168	0	1.39627
0.949103	1.5708	-0.785401	0	-2.18168	0	1.39627
0.950103	1.5708	-0.785401	0	-2.18168	0	1.39627
0.951103	1.5708	-0.785401	0	-2.18168	0	1.39627
0.952103	1.5708	-0.785401	0	-2.18168	0	1.39627
0.953103	1.5708	-0.785401	0	-2.18168	0	1.39627
0.954103	1.5708	-0.785401	0	-2.18168	0	1.39627
0.955103	1.5708	-0.785402	0	-2.18168	0	1.39627
0.956103	1.5708	-0.785402	0	-2.18168	0	1.39627
0.957103	1.5708	-0.785402	0	-2.18168	0	1.39627
0.958103	1.5708	-0.785402	0	-2.18168	0	1.39627
0.959103	1.5708	-0.785402	0	-2.18168	0	1.39627
0.960103	1.5708	-0.785402	0	-2.18168	0	1.39627
0.961103	1.5708	-0.785402	0	-2.18168	0	1.39627
0.962103	1.5708	-0.785402	0	-2.18168	0	1.39627
0.963103	1.5708	-0.785402	0	-2.18168	0	1.39627
0.964103	1.5708	-0.785402	0	-2.18168	0	1.39627
0.965103	1.5708	-0.785402	0	-2.18168	0	1.39627
0.966103	1.5708	-0.785402	0	-2.18168	0	1.39627
0.967103	1.5708	-0.785402	0	-2.18168	0	1.39627
0.968103	1.5708	-0.785402	0	-2.18168	0	1.39627
0.969103	1.5708	-0.785402	0	-2.18168	0	1.39627
0.970103	1.5708	-0.785402	0	-2.18168	0	1.39627
0.971103	1.5708	-0.785402	0	-2.18168	0	1.39627
0.972103	1.5708	-0.785401	0	-2.18168	0	1.39627
0.973103	1.5708	-0.785401	0	-2.18168	0	1.39627
0.974103	1.5708	-0.785401	0	-2.18168	0	1.39627
0.975103	1.5708	-0.785401	0	-2.18168	0	1.39627
0.976103	1.5708	-0.785401	0	-2.18168	0	1.39627
0.977103	1.5708	-0.785401	0	-2.18168	0	1.39627
0.978103	1.5708	-0.785401	0	-2.18168	0	1.39627
0.979103	1.5708	-0.785401	0	-2.18168	0	1.39627
0.980103	1.5708	-0.785401	0	-2.18168	0	1.39627
0.981103	1.5708	-0.785401	0	-2.18168	0	1.39627
0.982103	1.5708	-0.785401	0	-2.18168	0	1.39627
0.983103	1.5708	-0.785401	0	-2.18168	0	1.39627
0.984103	1.5708	-0.785401	0	-2.18168	0	1.39627
0.985103	1.5708	-0.785401	0	-2.18168	0	1.39627
0.986103	1.5708	-0.785401	0	-2.18168	0	1.39627
0.987103	1.5708	-0.785401	0	-2.18168	0	1.39627
0.988103	1.5708	-0.785401	0	-2.18168	0	1.39627
0.989103	1.5708	-0.785401	0	-2.18168	0	1.39627
0.990103	1.5708	-0.785401	0	-2.18168	0	1.39627
0.991103	1.5708	-0.785401	0	-2.18168	0	1.39627
0.992103	1.5708	-0.785401	0	-2.18168	0	1.39627
0.993103	1.5708	-0.785401	0	-2.18168	0	1.39627
0.994103	1.5708	-0.785401	0	-2.18168	0	1.39627
0.995103	1.5708	-0.785401	0	-2.18168	0	1.39627
0.996103	1.5708	-0.785401	0	-2.18168	0	1.39627
0.997103	1.5708	-0.785401	0	-2.18168	0	1.39627
0.998103	1.5708	-0.785401	0	-2.18168	0	1.39627
0.999103	1.5708	-0.785402	0	-2.18168	0	1.39627
1.0001	1.5708	-0.785402	0	-2.18168	0	1.39627
1.0011	1.5708	-0.785402	0	-2.18168	0	1.39627
1.0021	1.5708	-0.785402	0	-2.18168	0	1.39627
1.0031	1.5708	-0.785402	0	-2.18168	0	1.39627
1.0041	1.5708	-0.785402	0	-2.18168	0	1.39627
1.0051	1.5708	-0.785402	0	-2.18168	0	1.39627
1.0061	1.5708	-0.785402	0	-2.18168	0	1.39627
1.0071	1.5708	-0.785402	0	-2.18168	0	1.39627
1.0081	1.5708	-0.785402	0	-2.18168	0	1.39627
1.0091	1.5708	-0.785402	0	-2.18168	0	1.39627
1.0101	1.5708	-0.785402	0	-2.18168	0	1.39627
1.0111	1.5708	-0.785402	0	-2.18168	0	1.39627
1.0121	1.5708	-0.785402	0	-2.18168	0	1.39627
1.0131	1.5708	-0.785402	0	-2.18168	0	1.39627
1.0141	1.5708	-0.785402	0	-2.18168	0	1.39627
1.0151	1.5708	-0.785401	0	-2.18168	0	1.39627
1.0161	1.5708	-0.785401	0	-2.18168	0	1.39627
1.0171	1.5708	-0.785401	0	-2.18168	0	1.39627
1.0181	1.5708	-0.785401	0	-2.18168	0	1.39627
1.0191	1.5708	-0.785401	0	-2.18168	0	1.39627
1.0201	1.5708	-0.785401	0	-2.18168	0	1.39627
1.0211	1.5708	-0.785401	0	-2.18168	0	1.39627
1.0221	1.5708	-0.785401	0	-2.18168	0	1.39627
1.0231	1.5708	-0.785401	0	-2.18168	0	1.39627
1.0241	1.5708	-0.785401	0	-2.18168	0	1.39627
1.0251	1.5708	-0.785401	0	-2.18168	0	1.39627
1.0261	1.5708	-0.785401	0	-2.18168	0	1.39627
1.0271	1.5708	-0.785401	0	-2.18168	0	1.39627
1.0281	1.5708	-0.785401	0	-2.18168	0	1.39627
1.0291	1.5708	-0.785401	0	-2.18168	0	1.39627
1.0301	1.5708	-0.785401	0	-2.18168	0	1.39627
1.0311	1.5708	-0.785401	0	-2.18168	0	1.39627
1.0321	1.5708	-0.785401	0	-2.18168	0	1.39627
1.0331	1.5708	-0.785401	0	-2.18168	0	1.39627
1.0341	1.5708	-0.785401	0	-2.18168	0	1.39627
1.0351	1.5708	-0.785401	0	-2.18168	0	1.39627
1.0361	1.5708	-0.785401	0	-2.18168	0	1.39627
1.0371	1.5708	-0.785401	0	-2.18168	0	1.39627
1.0381	1.5708	-0.785401	0	-2.18168	0	1.39627
1.0391	1.5708	-0.785401	0	-2.18168	0	1.39627
1.0401	1.5708	-0.785401	0	-2.18168	0	1.39627
1.0411	1.5708	-0.785402	0	-2.18168	0	1.39627
1.0421	1.5708	-0.785402	0	-2.18168	0	1.39627
1.0431	1.5708	-0.785402	0	-2.18168	0	1.39627
1.0441	1.5708	-0.785402	0	-2.18168	0	1.39627
1.0451	1.5708	-0.785402	0	-2.18168	0	1.39627
1.0461	1.5708	-0.785402	0	-2.18168	0	1.39627
1.0471	1.5708	-0.785402	0	-2.18168	0	1.39627
1.0481	1.5708	-0.785402	0	-2.18168	0	1.39627
1.0491	1.5708	-0.785402	0	-2.18168	0	1.39627
1.0501	1.5708	-0.785402	0	-2.18168	0	1.39627
1.0511	1.5708	-0.785402	0	-2.18168	0	1.39627
1.0521	1.5708	-0.785402	0	-2.18168	0	1.39627
1.0531	1.5708	-0.785402	0	-2.18168	0	1.39627
1.0541	1.5708	-0.785402	0	-2.18168	0	1.39627
1.0551	1.5708	-0.785402	0	-2.18168	0	1.39627
1.0561	1.5708	-0.785401	0	-2.18168	0	1.39627
1.0571	1.5708	-0.785401	0	-2.18168	0	1.39627
1.0581	1.5708	-0.785401	0	-2.18168	0	1.39627
1.0591	1.5708	-0.785401	0	-2.18168	0	1.39627
1.0601	1.5708	-0.785401	0	-2.18168	0	1.39627
1.0611	1.5708	-0.785401	0	-2.18168	0	1.39627
1.0621	1.5708	-0.785401	0	-2.18168	0	1.39627
1.0631	1.5708	-0.785401	0	-2.18168	0	1.39627
1.0641	1.5708	-0.785401	0	-2.18168	0	1.39627
1.0651	1.5708	-0.785401	0	-2.18168	0	1.39627
1.0661	1.5708	-0.785401	0	-2.18168	0	1.39627
1.0671	1.5708	-0.785401	0	-2.18168	0	1.39627
1.0681	1.5708	-0.785401	0	-2.18168	0	1.39627
1.0691	1.5708	-0.785401	0	-2.18168	0	1.39627
1.0701	1.5708	-0.785401	0	-2.18168	0	1.39627
1.0711	1.5708	-0.785401	0	-2.18168	0	1.39627
1.0721	1.5708	-0.785401	0	-2.18168	0	1.39627
1.0731	1.5708	-0.785401	0	-2.18168	0	1.39627
1.0741	1.5708	-0.785401	0	-2.18168	0	1.39627
1.0751	1.5708	-0.785401	0	-2.18168	0	1.39627
1.0761	1.5708	-0.785401	0	-2.18168	0	1.39627
1.0771	1.5708	-0.785401	0	-2.18168	0	1.39627
1.0781	1.5708	-0.785401	0	-2.18168	0	1.39627
1.0791	1.5708	-0.785401	0	-2.18168	0	1.39627
1.0801	1.5708	-0.785401	0	-2.18168	0	1.39627
1.0811	1.5708	-0.785401	0	-2.18168	0	1.39627
1.0821	1.5708	-0.785402	0	-2.18168	0	1.39627
1.0831	1.5708	-0.785402	0	-2.18168	0	1.39627
1.0841	1.5708	-0.785402	0	-2.18168	0	1.39627
1.0851	1.5708	-0.785402	0	-2.18168	0	1.39627
1.0861	1.5708	-0.785402	0	-2.18168	0	1.39627
1.0871	1.5708	-0.785402	0	-2.18168	0	1.39627
1.0881	1.5708	-0.785402	0	-2.18168	0	1.39627
1.0891	1.5708	-0.785402	0	-2.18168	0	1.39627
1.0901	1.5708	-0.785402	0	-2.18168	0	1.39627
1.0911	1.5708	-0.785402	0	-2.18168	0	1.39627
1.0921	1.5708	-0.785402	0	-2.18168	0	1.39627
1.0931	1.5708	-0.785402	0	-2.18168	0	1.39627
1.0941	1.5708	-0.785402	0	-2.18168	0	1.39627
1.0951	1.5708	-0.785402	0	-2.18168	0	1.39627
1.0961	1.5708	-0.785402	0	-2.18168	0	1.39627
1.0971	1.5708	-0.785402	0	-2.18168	0	1.39627
1.0981	1.5708	-0.785401	0	-2.18168	0	1.39627
1.0991	1.5708	-0.785401	0	-2.18168	0	1.39627
1.1001	1.5708	-0.785401	0	-2.18168	0	1.39627
1.1011	1.5708	-0.785401	0	-2.18168	0	1.39627
1.1021	1.5708	-0.785401	0	-2.18168	0	1.39627
1.1031	1.5708	-0.785401	0	-2.18168	0	1.39627
1.1041	1.5708	-0.785401	0	-2.18168	0	1.39627
1.1051	1.5708	-0.785401	0	-2.18168	0	1.39627
1.1061	1.5708	-0.785401	0	-2.18168	0	1.39627
1.1071	1.5708	-0.785401	0	-2.18168	0	1.39627
1.1081	1.5708	-0.785401	0	-2.18168	0	1.39627
1.1091	1.5708	-0.785401	0	-2.18168	0	1.39627
1.1101	1.5708	-0.785401	0	-2.18168	0	1.39627
1.1111	1.5708	-0.785401	0	-2.18168	0	1.39627
1.1121	1.5708	-0.785401	0	-2.18168	0	1.39627
1.1131	1.5708	-0.785401	0	-2.18168	0	1.39627
1.1141	1.5708	-0.785401	0	-2.18168	0	1.39627
1.1151	1.5708	-0.785401	0	-2.18168	0	1.39627
1.1161	1.5708	-0.785401	0	-2.18168	0	1.39627
1.1171	1.5708	-0.785401	0	-2.18168	0	1.39627
1.1181	1.5708	-0.785401	0	-2.18168	0	1.39627
1.1191	1.5708	-0.785401	0	-2.18168	0	1.39627
1.1201	1.5708	-0.785401	0	-2.18168	0	1.39627
1.1211	1.5708	-0.785401	0	-2.18168	0	1.39627
1.1221	1.5708	-0.785401	0	-2.18168	0	1.39627
1.1231	1.5708	-0.785401	0	-2.18168	0	1.39627
1.1241	1.5708	-0.785402	0	-2.18168	0	1.39627
1.1251	1.5708	-0.785402	0	-2.18168	0	1.39627
1.1261	1.5708	-0.785402	0	-2.18168	0	1.39626
1.1271	1.5708	-0.785402	0	-2.18168	0	1.39626
1.1281	1.5708	-0.785402	0	-2.18168	0	1.39626
1.1291	1.5708	-0.785402	0	-2.18168	0	1.39626
1.1301	1.5708	-0.785402	0	-2.18168	0	1.39626
1.1311	1.5708	-0.785402	0	-2.18168	0	1.39626
1.1321	1.5708	-0.785402	0	-2.18168	0	1.39626
1.1331	1.5708	-0.785402	0	-2.18168	0	1.39626
1.1341	1.5708	-0.785402	0	-2.18168	0	1.39626
1.1351	1.5708	-0.785402	0	-2.18168	0	1.39626
1.1361	1.5708	-0.785402	0	-2.18168	0	1.39626
1.1371	1.5708	-0.785402	0	-2.18168	0	1.39627
1.1381	1.5708	-0.785402	0	-2.18168	0	1.39627
1.1391	1.5708	-0.785401	0	-2.18168	0	1.39627
1.1401	1.5708	-0.785401	0	-2.18168	0	1.39627
1.1411	1.5708	-0.785401	0	-2.18168	0	1.39627
1.1421	1.5708	-0.785401	0	-2.18168	0	1.39627
1.1431	1.5708	-0.785401	0	-2.18168	0	1.39627
1.1441	1.5708	-0.785401	0	-2.18168	0	1.39627
1.1451	1.5708	-0.785401	0	-2.18168	0	1.39627
1.1461	1.5708	-0.785401	0	-2.18168	0	1.39627
1.1471	1.5708	-0.785401	0	-2.18168	0	1.39627
1.1481	1.5708	-0.785401	0	-2.18168	0	1.39627
1.1491	1.5708	-0.785401	0	-2.18168	0	1.39627
1.1501	1.5708	-0.785401	0	-2.18168	0	1.39627
1.1511	1.5708	-0.785401	0	-2.18168	0	1.39627
1.1521	1.5708	-0.785401	0	-2.18168	0	1.39627
1.1531	1.5708	-0.785401	0	-2.18168	0	1.39627
1.1541	1.5708	-0.785401	0	-2.18168	0	1.39627
1.1551	1.5708	-0.785401	0	-2.18168	0	1.39627
1.1561	1.5708	-0.785401	0	-2.18168	0	1.39627
1.1571	1.5708	-0.785401	0	-2.18168	0	1.39627
1.1581	1.5708	-0.785401	0	-2.18168	0	1.39627
1.1591	1.5708	-0.785401	0	-2.18168	0	1.39627
1.1601	1.5708	-0.785401	0	-2.18168	0	1.39627
1.1611	1.5708	-0.785401	0	-2.18168	0	1.39627
1.1621	1.5708	-0.785401	0	-2.18168	0	1.39627
1.1631	1.5708	-0.785401	0	-2.18168	0	1.39627
1.1641	1.5708	-0.785402	0	-2.18168	0	1.39627
1.1651	1.5708	-0.785402	0	-2.18168	0	1.39627
1.1661	1.5708	-0.785402	0	-2.18168	0	1.39627
1.1671	1.5708	-0.785402	0	-2.18168	0	1.39627
1.1681	1.5708	-0.785402	0	-2.18168	0	1.39627
1.1691	1.5708	-0.785402	0	-2.18168	0	1.39627
1.1701	1.5708	-0.785402	0	-2.18168	0	1.39627
1.1711	1.5708	-0.785402	0	-2.18168	0	1.39627
1.1721	1.5708	-0.785402	0	-2.18168	0	1.39627
1.1731	1.5708	-0.785402	0	-2.18168	0	1.39627
1.1741	1.5708	-0.785402	0	-2.18168	0	1.39627
1.1751	1.5708	-0.785402	0	-2.18168	0	1.39627
1.1761	1.5708	-0.785402	0	-2.18168	0	1.39627
1.1771	1.5708	-0.785402	0	-2.18168	0	1.39627
1.1781	1.5708	-0.785402	0	-2.18168	0	1.39627
1.1791	1.5708	-0.785401	0	-2.18168	0	1.39627
1.1801	1.5708	-0.785401	0	-2.18168	0	1.39627
1.1811	1.5708	-0.785401	0	-2.18168	0	1.39627
1.1821	1.5708	-0.785401	0	-2.18168	0	1.39627
1.1831	1.5708	-0.785401	0	-2.18168	0	1.39627
1.1841	1.5708	-0.785401	0	-2.18168	0	1.39627
1.1851	1.5708	-0.785401	0	-2.18168	0	1.39627
1.1861	1.5708	-0.785401	0	-2.18168	0	1.39627
1.1871	1.5708	-0.785401	0	-2.18168	0	1.39627
1.1881	1.5708	-0.785401	0	-2.18168	0	1.39627
1.1891	1.5708	-0.785401	0	-2.18168	0	1.39627
1.1901	1.5708	-0.785401	0	-2.18168	0	1.39627
1.1911	1.5708	-0.785401	0	-2.18168	0	1.39627
1.1921	1.5708	-0.785401	0	-2.18168	0	1.39627
1.1931	1.5708	-0.785401	0	-2.18168	0	1.39627
1.1941	1.5708	-0.785401	0	-2.18168	0	1.39627
1.1951	1.5708	-0.785401	0	-2.18168	0	1.39627
1.1961	1.5708	-0.785401	0	-2.18168	0	1.39627
1.1971	1.5708	-0.785401	0	-2.18168	0	1.39627
1.1981	1.5708	-0.785401	0	-2.18168	0	1.39627
1.1991	1.5708	-0.785401	0	-2.18168	0	1.39627
1.2001	1.5708	-0.785401	0	-2.18168	0	1.39627
1.2011	1.5708	-0.785401	0	-2.18168	0	1.39627
1.2021	1.5708	-0.785401	0	-2.18168	0	1.39627
1.2031	1.5708	-0.785401	0	-2.18168	0	1.39627
1.2041	1.5708	-0.785402	0	-2.18168	0	1.39627
1.2051	1.5708	-0.785402	0	-2.18168	0	1.39626
1.2061	1.5708	-0.785402	0	-2.18168	0	1.39626
1.2071	1.5708	-0.785402	0	-2.18168	0	1.39626
1.2081	1.5708	-0.785402	0	-2.18168	0	1.39626
1.2091	1.5708	-0.785402	0	-2.18168	0	1.39626
1.2101	1.5708	-0.785402	0	-2.18168	0	1.39626
1.2111	1.5708	-0.785402	0	-2.18168	0	1.39626
1.2121	1.5708	-0.785402	0	-2.18168	0	1.39627
1.2131	1.5708	-0.785402	0	-2.18168	0	1.39627
1.2141	1.5708	-0.785402	0	-2.18168	0	1.39627
1.2151	1.5708	-0.785402	0	-2.18168	0	1.39627
1.2161	1.5708	-0.785402	0	-2.18168	0	1.39627
1.2171	1.5708	-0.785402	0	-2.18168	0	1.39627
1.2181	1.5708	-0.785402	0	-2.18168	0	1.39627
1.2191	1.5708	-0.785401	0	-2.18168	0	1.39627
1.2201	1.5708	-0.785401	0	-2.18168	0	1.39627
1.2211	1.5708	-0.785401	0	-2.18168	0	1.39627
1.2221	1.5708	-0.785401	0	-2.18168	0	1.39627
1.2231	1.5708	-0.785401	0	-2.18168	0	1.39627
1.2241	1.5708	-0.785401	0	-2.18168	0	1.39627
1.2251	1.5708	-0.785401	0	-2.18168	0	1.39627
1.2261	1.5708	-0.785401	0	-2.18168	0	1.39627
1.2271	1.5708	-0.785401	0	-2.18168	0	1.39627
1.2281	1.5708	-0.785401	0	-2.18168	0	1.39627
1.2291	1.5708	-0.785401	0	-2.18168	0	1.39627
1.2301	1.5708	-0.785401	0	-2.18168	0	1.39627
1.2311	1.5708	-0.785401	0	-2.18168	0	1.39627
1.2321	1.5708	-0.785401	0	-2.18168	0	1.39627
1.2331	1.5708	-0.785401	0	-2.18168	0	1.39627
1.2341	1.5708	-0.785401	0	-2.18168	0	1.39627
1.2351	1.5708	-0.785401	0	-2.18168	0	1.39627
1.2361	1.5708	-0.785401	0	-2.18168	0	1.39627
1.2371	1.5708	-0.785401	0	-2.18168	0	1.39627
1.2381	1.5708	-0.785401	0	-2.18168	0	1.39627
1.2391	1.5708	-0.785401	0	-2.18168	0	1.39627
1.2401	1.5708	-0.785401	0	-2.18168	0	1.39627
1.2411	1.5708	-0.785401	0	-2.18168	0	1.39627
1.2421	1.5708	-0.785401	0	-2.18168	0	1.39627
1.2431	1.5708	-0.785401	0	-2.18168	0	1.39627
1.2441	1.5708	-0.785401	0	-2.18168	0	1.39627
1.2451	1.5708	-0.785402	0	-2.18168	0	1.39627
1.2461	1.5708	-0.785402	0	-2.18168	0	1.39627
1.2471	1.5708	-0.785402	0	-2.18168	0	1.39627
1.2481	1.5708	-0.785402	0	-2.18168	0	1.39627
1.2491	1.5708	-0.785402	0	-2.18168	0	1.39627
1.2501	1.5708	-0.785402	0	-2.18168	0	1.39627
1.2511	1.5708	-0.785402	0	-2.18168	0	1.39627
1.2521	1.5708	-0.785402	0	-2.18168	0	1.39627
1.2531	1.5708	-0.785402	0	-2.18168	0	1.39627
1.2541	1.5708	-0.785402	0	-2.18168	0	1.39627
1.2551	1.5708	-0.785402	0	-2.18168	0	1.39627
1.2561	1.5708	-0.785402	0	-2.18168	0	1.39627
1.2571	1.5708	-0.785402	0	-2.18168	0	1.39627
1.2581	1.5708	-0.785402	0	-2.18168	0	1.39627
1.2591	1.5708	-0.785402	0	-2.18168	0	1.39627
1.2601	1.5708	-0.785401	0	-2.18168	0	1.39627
1.2611	1.5708	-0.785401	0	-2.18168	0	1.39626
1.2621	1.5708	-0.785401	0	-2.18168	0	1.39626
1.2631	1.5708	-0.785401	0	-2.18168	0	1.39626
1.2641	1.5708	-0.785401	0	-2.18168	0	1.39626
1.2651	1.5708	-0.785401	0	-2.18168	0	1.39626
1.2661	1.5708	-0.785401	0	-2.18168	0	1.39626
1.2671	1.5708	-0.785401	0	-2.18168	0	1.39626
1.2681	1.5708	-0.785401	0	-2.18168	0	1.39627
1.2691	1.5708	-0.785401	0	-2.18168	0	1.39627
1.2701	1.5708	-0.785401	0	-2.18168	0	1.39627
1.2711	1.5708	-0.785401	0	-2.18168	0	1.39627
1.2721	1.5708	-0.785401	0	-2.18168	0	1.39627
1.2731	1.5708	-0.785401	0	-2.18168	0	1.39627
1.2741	1.5708	-0.785401	0	-2.18168	0	1.39627
1.2751	1.5708	-0.785401	0	-2.18168	0	1.39627
1.2761	1.5708	-0.785401	0	-2.18168	0	1.39627
1.2771	1.5708	-0.785401	0	-2.18168	0	1.39627
1.2781	1.5708	-0.785401	0	-2.18168	0	1.39627
1.2791	1.5708	-0.785401	0	-2.18168	0	1.39627
1.2801	1.5708	-0.785401	0	-2.18168	0	1.39627
1.2811	1.5708	-0.785401	0	-2.18168	0	1.39627
1.2821	1.5708	-0.785401	0	-2.18168	0	1.39627
1.2831	1.5708	-0.785401	0	-2.18168	0	1.39627
1.2841	1.5708	-0.785401	0	-2.18168	0	1.39627
1.2851	1.5708	-0.785402	0	-2.18168	0	1.39627
1.2861	1.5708	-0.785402	0	-2.18168	0	1.39627
1.2871	1.5708	-0.785402	0	-2.18168	0	1.39627
1.2881	1.5708	-0.785402	0	-2.18168	0	1.39627
1.2891	1.5708	-0.785402	0	-2.18168	0	1.39627
1.2901	1.5708	-0.785402	0	-2.18168	0	1.39627
1.2911	1.5708	-0.785402	0	-2.18168	0	1.39627
1.2921	1.5708	-0.785402	0	-2.18168	0	1.39627
1.2931	1.5708	-0.785402	0	-2.18168	0	1.39627
1.2941	1.5708	-0.785402	0	-2.18168	0	1.39627
1.2951	1.5708	-0.785402	0	-2.18168	0	1.39627
1.2961	1.5708	-0.785402	0	-2.18168	0	1.39627
1.2971	1.5708	-0.785402	0	-2.18168	0	1.39627
